1519434077.620493
1519434077.720026
1519434077.819559
1519434077.919092
1519434078.018623
1519434078.118156
1519434078.217689
1519434078.317222
1519434078.416755
1519434078.516288
1519434078.615820
1519434078.715353
1519434078.814886
1519434078.914419
1519434079.013951
1519434079.113484
1519434079.213016
1519434079.332456
1519434079.431989
1519434079.531521
1519434079.631054
1519434079.730587
1519434079.830120
1519434079.929653
1519434080.029186
1519434080.128718
1519434080.228251
1519434080.327784
1519434080.427317
1519434080.526850
1519434080.626383
1519434080.725915
1519434080.825448
1519434080.924981
1519434081.024514
1519434081.124047
1519434081.223580
1519434081.323112
1519434081.422645
1519434081.522178
1519434081.621711
1519434081.721244
1519434081.820777
1519434081.920309
1519434082.019842
1519434082.119375
1519434082.218908
1519434082.318441
1519434082.417974
1519434082.517506
1519434082.617039
1519434082.716572
1519434082.816105
1519434082.915638
1519434083.015169
1519434083.114701
1519434083.214234
1519434083.313767
1519434083.413300
1519434083.532739
1519434083.632272
1519434083.731805
1519434083.831338
1519434083.930871
1519434084.030403
1519434084.129936
1519434084.229469
1519434084.329002
1519434084.428535
1519434084.528068
1519434084.627600
1519434084.727133
1519434084.826666
1519434084.926199
1519434085.025732
1519434085.125265
1519434085.224797
1519434085.324330
1519434085.423863
1519434085.523396
1519434085.622929
1519434085.722462
1519434085.821994
1519434085.921527
1519434086.021060
1519434086.120593
1519434086.220126
1519434086.319659
1519434086.419191
1519434086.518724
1519434086.618257
1519434086.717790
1519434086.817323
1519434086.916856
1519434087.016388
1519434087.115921
1519434087.215454
1519434087.314987
1519434087.414520
1519434087.514053
1519434087.613585
1519434087.713118
1519434087.832558
1519434087.932090
1519434088.031621
1519434088.131154
1519434088.230687
1519434088.330220
1519434088.429753
1519434088.529285
1519434088.628818
1519434088.728351
1519434088.827884
1519434088.927417
1519434089.026950
1519434089.126482
1519434089.226015
1519434089.325548
1519434089.425081
1519434089.524614
1519434089.624147
1519434089.723679
1519434089.823212
1519434089.922745
1519434090.022278
1519434090.121811
1519434090.221344
1519434090.320876
1519434090.420409
1519434090.519942
1519434090.619475
1519434090.719008
1519434090.818541
1519434090.918073
1519434091.017606
1519434091.117139
1519434091.216672
1519434091.316205
1519434091.415738
1519434091.515270
1519434091.614803
1519434091.714336
1519434091.813869
1519434091.913402
1519434092.012935
1519434092.132374
1519434092.231907
1519434092.331440
1519434092.430972
1519434092.530505
1519434092.630038
1519434092.729571
1519434092.829104
1519434092.928637
1519434093.028168
1519434093.127700
1519434093.227233
1519434093.326766
1519434093.426299
1519434093.525832
1519434093.625365
1519434093.724897
1519434093.824430
1519434093.923963
1519434094.023496
1519434094.123029
1519434094.222562
1519434094.322094
1519434094.421627
1519434094.521160
1519434094.620693
1519434094.720226
1519434094.819758
1519434094.919291
1519434095.018824
1519434095.118357
1519434095.217890
1519434095.317423
1519434095.416956
1519434095.516488
1519434095.616021
1519434095.715554
1519434095.815087
1519434095.914620
1519434096.014153
1519434096.113685
1519434096.213218
1519434096.332658
1519434096.432190
1519434096.531723
1519434096.631256
1519434096.730789
1519434096.830322
1519434096.929855
1519434097.029386
1519434097.128919
1519434097.228452
1519434097.327985
1519434097.427518
1519434097.527051
