1519434077.600000
1519434077.700000
1519434077.800000
1519434077.900000
1519434078.000000
1519434078.100000
1519434078.200000
1519434078.300000
1519434078.400000
1519434078.500000
1519434078.600000
1519434078.700000
1519434078.800000
1519434078.900000
1519434079.000000
1519434079.100000
1519434079.200000
1519434079.350000
1519434079.450000
1519434079.550000
1519434079.650000
1519434079.750000
1519434079.850000
1519434079.950000
1519434080.050000
1519434080.150000
1519434080.250000
1519434080.350000
1519434080.450000
1519434080.550000
1519434080.650000
1519434080.750000
1519434080.850000
1519434080.900000
1519434081.000000
1519434081.100000
1519434081.200000
1519434081.300000
1519434081.400000
1519434081.500000
1519434081.600000
1519434081.700000
1519434081.800000
1519434081.900000
1519434082.000000
1519434082.100000
1519434082.200000
1519434082.300000
1519434082.400000
1519434082.500000
1519434082.600000
1519434082.700000
1519434082.800000
1519434082.900000
1519434083.000000
1519434083.100000
1519434083.200000
1519434083.300000
1519434083.400000
1519434083.550000
1519434083.650000
1519434083.750000
1519434083.850000
1519434083.950000
1519434084.050000
1519434084.150000
1519434084.250000
1519434084.350000
1519434084.450000
1519434084.550000
1519434084.650000
1519434084.750000
1519434084.850000
1519434084.950000
1519434085.050000
1519434085.150000
1519434085.200000
1519434085.300000
1519434085.400000
1519434085.500000
1519434085.600000
1519434085.700000
1519434085.800000
1519434085.900000
1519434086.000000
1519434086.100000
1519434086.200000
1519434086.300000
1519434086.400000
1519434086.500000
1519434086.600000
1519434086.700000
1519434086.800000
1519434086.900000
1519434087.000000
1519434087.100000
1519434087.200000
1519434087.300000
1519434087.400000
1519434087.500000
1519434087.600000
1519434087.700000
1519434087.850000
1519434087.950000
1519434088.050000
1519434088.150000
1519434088.250000
1519434088.350000
1519434088.450000
1519434088.550000
1519434088.650000
1519434088.750000
1519434088.850000
1519434088.950000
1519434089.050000
1519434089.150000
1519434089.250000
1519434089.350000
1519434089.450000
1519434089.500000
1519434089.600000
1519434089.700000
1519434089.800000
1519434089.900000
1519434090.000000
1519434090.100000
1519434090.200000
1519434090.300000
1519434090.400000
1519434090.500000
1519434090.600000
1519434090.700000
1519434090.800000
1519434090.900000
1519434091.000000
1519434091.100000
1519434091.200000
1519434091.300000
1519434091.400000
1519434091.500000
1519434091.600000
1519434091.700000
1519434091.800000
1519434091.900000
1519434092.000000
1519434092.150000
1519434092.250000
1519434092.350000
1519434092.450000
1519434092.550000
1519434092.650000
1519434092.750000
1519434092.850000
1519434092.950000
1519434093.050000
1519434093.150000
1519434093.250000
1519434093.350000
1519434093.450000
1519434093.550000
1519434093.650000
1519434093.700000
1519434093.800000
1519434093.900000
1519434094.000000
1519434094.100000
1519434094.200000
1519434094.300000
1519434094.400000
1519434094.500000
1519434094.600000
1519434094.700000
1519434094.800000
1519434094.900000
1519434095.000000
1519434095.100000
1519434095.200000
1519434095.300000
1519434095.400000
1519434095.500000
1519434095.600000
1519434095.700000
1519434095.800000
1519434095.900000
1519434096.000000
1519434096.100000
1519434096.200000
1519434096.350000
1519434096.450000
1519434096.550000
1519434096.650000
1519434096.750000
1519434096.850000
1519434096.950000
1519434097.050000
1519434097.150000
1519434097.250000
1519434097.350000
1519434097.450000
1519434097.550000
