0 0 0
-0.00688081 -0.0166043 0.0147339
0.000757219 -0.0175177 0.0074589
0.00569708 -0.0150279 -0.00934988
-0.00934073 0.00537104 -0.00696964
-0.0197684 0.000431933 -0.0183641
-0.00500719 -0.00477463 -0.0139814
-0.0041502 -0.00322037 0.0105796
0.00539414 -0.00250657 -0.0162807
0.000578605 0.00630166 -0.00281158
0.0056161 0.000266631 -0.0037048
-0.00797693 -0.00653697 0.0152415
0.00271616 -0.014623 0.00122583
-0.00159973 0.00386387 0.0227718
-0.00917249 0.0131755 -0.00807584
-0.00202614 -0.00742178 0.00940167
-0.000766219 0.00332003 0.00276027
-0.000468179 -0.0105669 -0.00530588
-0.0200864 -0.00178326 0.00615619
-0.0123001 0.00967432 -0.00750291
0.00972365 -0.00100615 -0.0142975
0.016841 -0.00573686 0.00445776
-0.0186727 -0.015613 0.00842292
-0.00594138 0.00541688 -0.0119163
-0.0129305 -0.00630907 0.00233945
-0.00916185 -0.000112659 0.0199209
-0.0130716 0.0202667 0.00600804
-0.0144297 0.0096107 -0.0172331
-0.0260343 0.0134377 0.0104916
-0.020329 -0.000697299 -0.0170416
-0.0412091 -0.00460095 -0.0171069
-0.0414151 0.0142973 0.00224558
-0.046034 0.00204487 0.0149552
-0.032643 0.0113115 -0.00277065
-0.0522966 0.00285769 -0.010653
-0.0390596 0.00584175 -0.00410793
-0.0582525 0.00862555 0.0143355
-0.0518819 -0.00309992 0.0114877
-0.0641736 -0.0025285 0.0123033
-0.0670874 -0.00192689 -0.000937488
-0.0576818 0.00194292 -0.00119126
-0.0676285 0.000279085 0.00381948
-0.0904379 -0.00781879 0.00829552
-0.0628318 -0.00783299 -0.0019702
-0.0785967 0.0153638 0.0219232
-0.0915175 0.00645669 -0.0159713
-0.101801 0.00488642 -0.0178795
-0.087529 0.00637158 -0.0182017
-0.100423 0.0105441 -0.00109481
-0.125613 0.0177857 0.0274439
-0.10732 -0.000997871 -0.00178613
-0.118355 0.000561267 0.0175425
-0.133603 0.017022 -0.0123114
-0.138238 -0.00565948 -0.0106707
-0.136641 0.00186611 0.00398158
-0.154764 -0.000485634 0.00994185
-0.164344 -0.00417939 0.00166116
-0.138692 0.00282641 -0.0161428
-0.174091 0.011063 0.00292918
-0.192013 0.00979678 -0.00865341
-0.198007 -0.00928735 0.00757568
-0.199104 0.0147831 -0.0235463
-0.212066 0.00714392 -0.0140823
-0.196519 0.0036028 0.0147028
-0.2191 0.00889991 0.0027941
-0.252403 -0.0067938 0.000721632
-0.232656 -0.00583658 -0.00350771
-0.25654 -0.0160362 -0.00159095
-0.269012 0.00416977 0.000653428
-0.28858 -0.0179358 0.0103011
-0.288337 -0.00348829 -0.0101762
-0.304096 -0.00455011 0.0022015
-0.325836 0.0106881 0.00560935
-0.350627 -7.10981e-05 0.0238481
-0.349131 -0.00588953 0.00279655
-0.35107 -0.0104554 0.00222387
-0.383528 0.00569468 0.00636775
-0.383138 -0.00557176 -0.0111861
-0.39276 0.00561388 -0.00144874
-0.417519 -0.0039837 -0.00325961
-0.415713 -0.00664245 0.00680314
-0.4364 -0.00643013 0.0103277
-0.437968 -0.00720669 0.00815523
-0.45015 0.0148436 -0.0224152
-0.454623 -0.0112669 -0.000275996
-0.456461 0.00653044 0.0116242
-0.483662 0.0014077 0.00329945
-0.469877 -0.00374931 -0.00577554
-0.487936 -0.00131927 -0.0022874
-0.507135 -0.00404381 -0.00304254
-0.522039 -0.00819606 0.00572181
-0.501642 0.00813751 0.00210594
-0.52854 0.0133881 0.00573504
-0.549942 -0.0223813 0.00193037
-0.541031 0.00291306 -0.0106675
-0.548484 -0.00274606 -0.0143196
-0.57581 0.0048016 -0.0208441
-0.571477 -0.00643573 0.01787
-0.57981 0.00185185 0.000351061
-0.614051 -0.00553861 -0.00413154
-0.607687 0.00306051 -0.00431275
-0.637577 -0.00475004 -0.00187239
-0.638966 0.00677341 0.0160015
-0.642347 -0.0113203 -0.0098398
-0.655232 -0.00383992 0.0129086
-0.667076 0.00192295 0.00417392
-0.68037 -0.0277974 -0.0136402
-0.700931 0.00796406 0.0102504
-0.714024 0.00544114 0.00138826
-0.720672 -0.00349189 0.00205214
-0.728384 -0.00447777 0.0175434
-0.757032 -0.000525393 0.00187206
-0.735532 -0.0101276 0.0077588
-0.750559 -0.00680591 0.0100947
-0.772656 -0.00579646 -0.000531596
-0.772116 -0.0104904 -0.00930052
-0.789236 -0.000125098 0.00362712
-0.808832 -0.00244742 -0.00662639
-0.81598 -0.00556012 0.0152152
-0.802053 -0.0089588 -0.00542751
-0.825492 -0.00299884 0.012418
-0.849004 -0.013749 0.00600791
-0.867888 0.00951509 0.0114418
-0.858381 -0.0102491 0.0154355
-0.864602 0.0109521 -0.00606923
-0.893627 0.0047189 -0.00284898
-0.898589 -0.00158016 0.0012505
-0.909588 0.00108153 0.0194381
-0.895322 0.00519819 0.00471793
-0.925431 -6.64473e-05 0.0104557
-0.938553 0.00765622 -0.0139697
-0.949819 -0.00145011 0.00342823
-0.983178 -0.00948635 0.00806739
-0.988593 -0.0113515 -0.00157071
-0.974439 -0.0129574 -0.000948291
-1.00422 -0.0136109 0.00695282
-1.01191 -0.025055 -0.00173266
-1.02041 -0.010699 -0.00252643
-1.05475 -0.0187876 0.00654832
-1.04346 0.00673694 0.00607376
-1.04404 0.0112893 0.00698441
-1.06897 -0.0038699 -0.00486401
-1.08273 -0.0298853 -0.0015532
-1.06927 -0.00583537 -0.00280692
-1.10437 -0.00968817 -0.00737406
-1.10942 -0.0314144 0.00592741
-1.12732 -0.0164411 -0.000157571
-1.13493 -0.0129441 -0.00902143
-1.14449 -0.00627527 -0.00126934
-1.1524 -0.0254754 -0.015144
-1.15715 -0.00701971 0.0110665
-1.18485 -0.0267248 -0.00313153
-1.19768 -0.00447789 -0.00622372
-1.18761 -0.00803989 0.00371486
-1.20643 -0.0040551 0.00305206
-1.21357 0.00460055 -0.0190201
-1.22753 -0.00374794 -0.0079704
-1.24149 -0.0270921 -0.00287862
-1.24838 -0.00719009 -0.0145445
-1.27499 -0.0309392 0.0106711
-1.27848 -0.000466824 0.00105948
-1.3077 -0.021132 0.0103423
-1.28103 -0.0251192 0.0194177
-1.28571 -0.00416455 0.0238308
-1.31624 -0.00699006 0.0148126
-1.33854 -0.0348758 0.00210177
-1.34672 -0.0138071 0.00133855
-1.36408 -0.0182816 -0.0158118
-1.35454 -0.0182386 0.00269844
-1.37584 -0.0246463 0.0155132
-1.38333 -0.0278207 0.00781773
-1.37793 -0.0145413 0.0176738
-1.424 -0.0304305 -0.00068585
-1.4079 -0.0307686 -0.0026512
-1.44034 -0.0147304 0.00709447
-1.44239 -0.0324188 0.00865057
-1.45591 -0.0240091 -0.00825902
-1.46598 -0.033138 -0.00477198
-1.49094 -0.0373758 -0.00599164
-1.48837 -0.0162961 0.0314136
-1.50492 -0.00841332 -0.000610602
-1.52712 -0.037725 -0.000318847
-1.53732 -0.0210297 0.0209083
-1.52529 -0.0354492 -0.00286736
-1.54503 -0.0284008 0.00389038
-1.55 -0.0384757 -0.00379646
-1.55947 -0.0551056 0.00211938
-1.58519 -0.0195487 0.00816721
-1.57781 -0.0233222 0.00995391
-1.60082 -0.0158392 -0.00486106
-1.60501 -0.0254138 -0.0089993
-1.62405 -0.0291243 -0.00617226
-1.64092 -0.0254987 -0.000106301
-1.64153 -0.0341367 0.0140814
-1.64623 -0.038108 0.000596461
-1.66193 -0.0295633 -0.0140466
-1.68363 -0.0381973 0.0155335
-1.6846 -0.047371 -0.00489225
-1.70217 -0.0430958 0.00403416
-1.70508 -0.0467209 -0.0164455
-1.71959 -0.0347776 -0.0151997
-1.72974 -0.0380092 -0.00804467
-1.74238 -0.0373667 -0.0126088
-1.77268 -0.0626268 -0.0100652
-1.76131 -0.0410624 -0.0027822
-1.7615 -0.0453831 -0.00219491
-1.79195 -0.0477961 0.00460747
-1.7846 -0.0518507 -0.011698
-1.81695 -0.055702 0.0079862
-1.81876 -0.0501967 0.0041021
-1.82564 -0.0505504 0.0122745
-1.83741 -0.0385189 0.00452872
-1.86258 -0.0604431 -0.0075284
-1.85997 -0.0479257 0.00285403
-1.8795 -0.0527973 0.0344495
-1.89178 -0.0760007 0.00377733
-1.88308 -0.0717806 0.00227084
-1.90494 -0.0516788 -0.0104787
-1.9281 -0.0805412 -0.00323158
-1.9137 -0.0474657 0.0013729
-1.95031 -0.0740794 0.00634674
-1.9479 -0.0785224 -0.00183138
-1.96832 -0.0607308 0.0158337
-1.98374 -0.0809204 0.00614291
-1.98024 -0.0636163 -0.0140206
-1.97852 -0.0752212 0.00223038
-2.02348 -0.0773694 -0.000788907
-2.01259 -0.0704344 -0.00566058
-2.03668 -0.0730368 -0.0017424
-2.05171 -0.0572532 -0.00515618
-2.04393 -0.07511 0.00476946
-2.06709 -0.0766294 -0.00234217
-2.07199 -0.087 -0.00703884
-2.09179 -0.0948927 0.0202031
-2.08902 -0.0890935 0.017853
-2.11604 -0.0841147 -0.0145591
-2.10437 -0.0894128 -0.00186503
-2.11624 -0.082123 -0.00577725
-2.12824 -0.0990188 -0.00586159
-2.16718 -0.0888449 -0.0191828
-2.16453 -0.0828567 -0.00171256
-2.1684 -0.0846155 0.00550993
-2.16599 -0.0919361 -0.00359835
-2.19962 -0.09364 0.00667562
-2.21849 -0.0955235 0.00809074
-2.20495 -0.102561 0.0127439
-2.23166 -0.0998952 -0.00538046
-2.25603 -0.110219 -0.00487125
-2.2354 -0.0960332 0.00889719
-2.2716 -0.121166 -0.0140107
-2.26387 -0.09316 -0.0120665
-2.29317 -0.127158 -0.00794209
-2.29305 -0.117336 0.00551148
-2.30087 -0.0964868 0.00817185
-2.32398 -0.112264 -0.0067978
-2.3457 -0.118541 -0.00955072
-2.35699 -0.120285 -0.00467185
-2.33675 -0.117588 0.0143474
-2.35451 -0.113989 -0.00598582
-2.38982 -0.133429 0.0109379
-2.3868 -0.134448 0.0022577
-2.40232 -0.13577 -0.00253395
-2.41656 -0.113875 0.0120831
-2.43033 -0.145031 -0.00415713
-2.42801 -0.132361 0.00306371
-2.45877 -0.134614 -0.0144406
-2.44092 -0.163257 0.00870074
-2.4537 -0.145162 -0.0267415
-2.493 -0.150297 -0.000670285
-2.49295 -0.165969 0.00305527
-2.50141 -0.155039 -0.0065879
-2.50986 -0.143718 -0.00558419
-2.51995 -0.161838 -0.00299645
-2.53714 -0.170058 -0.00570676
-2.53668 -0.16753 -0.00261613
-2.54087 -0.15521 -0.00645703
-2.56436 -0.181133 0.00649648
-2.55893 -0.173762 -0.000845007
-2.59327 -0.194019 -0.00624119
-2.60213 -0.190088 -0.00446917
-2.60887 -0.184418 -0.00786418
-2.61602 -0.183288 0.0044871
-2.63159 -0.192827 -0.0052653
-2.64529 -0.185207 0.000190019
-2.64984 -0.188493 -0.00648684
-2.6575 -0.20096 0.00271856
-2.67349 -0.185656 -0.00704689
-2.6745 -0.211893 -0.00892862
-2.70063 -0.206648 0.0112914
-2.69888 -0.217379 -0.00179421
-2.71888 -0.209912 0.0041822
-2.72428 -0.208805 -0.00216667
-2.7438 -0.203595 -0.0171942
-2.76634 -0.194789 -0.00894832
-2.74791 -0.21243 -0.0156319
-2.7822 -0.220602 -0.0143396
-2.79185 -0.222157 -0.0172624
-2.78469 -0.220774 0.00284906
-2.80165 -0.225416 -0.00273
-2.83358 -0.215798 0.0267604
-2.85102 -0.217974 -0.00159422
-2.82712 -0.213256 0.00651471
-2.84847 -0.226533 -0.000365903
-2.85546 -0.235831 -0.00491213
-2.87255 -0.222416 -0.00872411
-2.88293 -0.239624 -0.00438734
-2.89214 -0.232479 0.000931408
-2.91976 -0.24608 -0.00330509
-2.92482 -0.222324 0.00853571
-2.93489 -0.231589 0.0208336
-2.94247 -0.245869 -0.00496306
-2.94153 -0.217143 0.00758699
-2.94231 -0.253781 -0.00820993
-2.97163 -0.245162 0.00150669
-2.98481 -0.248582 -0.00910211
-3.00065 -0.239741 0.0160605
-3.01533 -0.253783 -0.0285449
-3.00224 -0.237053 -0.00999529
-3.03315 -0.264641 -0.00774441
-3.05071 -0.238628 0.0147863
-3.01576 -0.238077 0.00518008
-3.05757 -0.242964 0.00909652
-3.09349 -0.239629 0.004018
-3.09863 -0.256591 -0.0100745
-3.10121 -0.242525 -0.00625127
-3.09842 -0.251125 -0.00376285
-3.11834 -0.228525 -0.0100677
-3.12667 -0.275794 -0.00547686
-3.16053 -0.239254 -0.00790205
-3.13322 -0.243422 -0.00848856
-3.15336 -0.24238 0.0068985
-3.15665 -0.268294 0.015582
-3.17083 -0.258474 -0.00365111
-3.18086 -0.246268 0.00375577
-3.20813 -0.238365 0.00180836
-3.21225 -0.248234 -0.00102867
-3.20581 -0.248004 -0.0193026
-3.24206 -0.263971 -0.00504393
-3.26295 -0.249718 0.00774741
-3.26568 -0.253649 -0.000526921
-3.27807 -0.244738 -0.00470503
-3.28002 -0.273077 0.0025779
-3.29573 -0.239985 0.0176852
-3.28841 -0.261251 0.00825546
-3.30892 -0.250901 0.00569838
-3.33299 -0.249409 -0.00563514
-3.32986 -0.250079 -0.00155901
-3.35406 -0.260692 -0.0145119
-3.36434 -0.257883 -0.00051992
-3.35998 -0.247656 0.00243869
-3.3812 -0.252406 0.0131059
-3.41452 -0.233849 -0.00979954
-3.42469 -0.245261 0.00303048
-3.43145 -0.237151 -0.000446066
-3.44256 -0.228172 0.0155263
-3.42394 -0.249758 0.00966202
-3.45342 -0.255059 -0.000162209
-3.47104 -0.249426 -0.00474175
-3.46826 -0.269464 0.015245
-3.48561 -0.243585 0.00723836
-3.47905 -0.251681 -0.0113064
-3.51455 -0.253112 0.00745478
-3.52882 -0.260184 0.00372529
-3.5083 -0.267221 0.00874416
-3.53511 -0.255394 -0.00541869
-3.55607 -0.23329 0.0160753
-3.55034 -0.247554 0.0103499
-3.57526 -0.265872 -0.00687191
-3.58829 -0.235555 0.00423534
-3.59597 -0.228747 -0.0117161
-3.60061 -0.259317 0.00829968
-3.60094 -0.243172 0.013164
-3.62646 -0.23758 0.0105946
-3.64922 -0.226094 0.0202972
-3.64536 -0.246416 -0.00271821
-3.65773 -0.241663 -0.00415517
-3.67391 -0.243062 -0.00454149
-3.68985 -0.227414 -0.00975511
-3.70941 -0.235505 0.00701472
-3.71503 -0.224781 0.000220167
-3.72649 -0.227785 -0.0124488
-3.74797 -0.225932 0.000433243
-3.73112 -0.230969 0.000540424
-3.74169 -0.222734 -0.00440007
-3.77261 -0.215357 2.8104e-05
-3.77907 -0.211819 0.0130485
-3.79024 -0.207461 -0.0191684
-3.80906 -0.210431 -0.0108753
-3.80443 -0.215501 0.00639594
-3.81498 -0.202532 0.00676904
-3.8352 -0.224701 -0.00269971
-3.85889 -0.228494 -0.0218349
-3.85514 -0.213652 -0.0149221
-3.87531 -0.20016 0.00622509
-3.88289 -0.229244 0.00594205
-3.88337 -0.205452 0.0118628
-3.89675 -0.194982 -0.0129883
-3.90485 -0.188703 -0.00769339
-3.92752 -0.190839 -0.0124666
-3.92836 -0.201189 0.0103089
-3.94969 -0.174512 -0.00738214
-3.94627 -0.179337 0.00214233
-3.95154 -0.181339 -0.0115018
-3.96736 -0.182668 -0.000286709
-4.00533 -0.169561 -0.0131438
-3.98358 -0.160695 -0.00866216
-4.00819 -0.156634 -0.00782083
-4.03837 -0.169239 -0.0119541
-4.03227 -0.171583 -0.00478157
-4.03519 -0.152442 0.00980714
-4.04354 -0.164704 -0.00686518
-4.06869 -0.168919 -0.0130125
-4.07224 -0.162461 -0.00558824
-4.09883 -0.150614 -0.00522014
-4.09969 -0.169614 -0.00645258
-4.12855 -0.146758 0.00881934
-4.13106 -0.141332 -0.00456178
-4.13745 -0.12788 -3.92559e-06
-4.15276 -0.147103 -0.00719448
-4.15211 -0.114426 -0.00597953
-4.18429 -0.151035 -0.00889662
-4.18065 -0.145171 0.0278042
-4.18763 -0.123383 -0.00963956
-4.20529 -0.108422 0.0144954
-4.21123 -0.10024 -0.0254311
-4.21455 -0.11939 0.00213815
-4.23302 -0.100683 0.0126317
-4.2348 -0.114708 0.00543419
-4.23675 -0.0888862 -0.00602863
-4.25252 -0.0992755 0.014094
-4.27844 -0.0859608 -0.00349435
-4.28606 -0.0836702 -0.00810269
-4.30214 -0.0593233 0.00367186
-4.30409 -0.0728277 0.0145864
-4.31368 -0.0610702 0.000267683
-4.33572 -0.0620881 -0.0103713
-4.35429 -0.058815 -0.0171548
-4.3591 -0.0634622 -0.0139735
-4.34958 -0.0395252 0.00505479
-4.37191 -0.0338416 0.0100915
-4.39653 -0.0334062 -0.0179413
-4.41578 -0.0291848 -0.023789
-4.39797 -0.0341175 0.000744754
-4.41837 -0.0161862 -0.00727089
-4.43942 -0.00908309 0.0089215
-4.44057 -0.00837784 -0.00890956
-4.44488 -0.0102966 -0.00218592
-4.46423 0.00843117 -0.0056028
-4.47314 0.000665806 0.00709634
-4.44838 0.0106085 0.00270539
-4.50396 0.0250428 -0.00645066
-4.50928 0.0463677 -0.00360589
-4.50572 0.0168992 0.00356345
-4.53763 0.0257047 -0.00680486
-4.51703 0.0525038 0.00359053
-4.53268 0.0607129 0.0203132
-4.5565 0.073219 0.0146481
-4.57504 0.0536917 0.00628854
-4.58537 0.0619848 -0.0147883
-4.60836 0.0659747 -0.00971952
-4.60729 0.0834472 -0.00748666
-4.61121 0.095663 0.000604635
-4.64039 0.0894776 0.00262096
-4.64435 0.105043 0.0209474
-4.64221 0.107222 -0.00980332
-4.66036 0.0972915 -0.0127622
-4.65891 0.104266 0.00424527
-4.68429 0.105739 0.0112091
-4.69976 0.118884 -0.0115851
-4.7081 0.126502 0.0127498
-4.72526 0.12027 0.00432949
-4.71373 0.125415 -0.00197287
-4.72008 0.124881 -0.0046054
-4.73456 0.121408 0.00210918
-4.74432 0.133341 0.00518399
-4.77324 0.155726 0.0115371
-4.77653 0.148727 0.00447092
-4.78716 0.14302 -0.0228775
-4.80381 0.146934 -0.0083633
-4.80119 0.158024 0.00692058
-4.81103 0.179025 0.00907333
-4.82444 0.167157 0.00670831
-4.84855 0.177299 -0.000753228
-4.84712 0.17182 0.0129538
-4.83452 0.193663 -0.00610765
-4.86213 0.196925 -0.00810841
-4.88262 0.206362 0.0185444
-4.89396 0.181844 0.000322001
-4.90323 0.204975 0.00806523
-4.90615 0.189939 -0.01463
-4.91471 0.203233 0.00659412
-4.93156 0.233641 -0.0124165
-4.94075 0.216368 -0.0187505
-4.95278 0.224399 -0.0116471
-4.95932 0.213169 0.00723713
-4.98213 0.227174 -0.00463037
-4.97457 0.229421 -0.0153398
-5.00087 0.239863 0.00980152
-4.99609 0.24754 -0.00496721
-5.02324 0.240482 0.00191486
-5.03923 0.267802 -0.0109168
-5.02991 0.251563 -0.000838586
-5.05625 0.257545 0.000357203
-5.04607 0.267317 -0.0132965
-5.07602 0.275364 -0.00969462
-5.05584 0.271409 0.00650433
-5.08736 0.285755 0.00895222
-5.08156 0.280021 -0.00229161
-5.08142 0.285852 0.0088447
-5.08991 0.306101 -0.00382001
-5.10191 0.295107 0.0201332
-5.09069 0.274211 -0.023414
-5.09468 0.283319 0.00973175
-5.08258 0.306741 0.0046098
-5.07098 0.302855 0.0128338
-5.07823 0.311863 -0.011569
-5.09541 0.31429 -0.00247277
-5.08466 0.322426 -0.014189
-5.09273 0.327057 0.0134241
-5.09742 0.306592 0.0128357
-5.0834 0.327173 0.00738631
-5.0894 0.30773 0.00840419
-5.08759 0.335837 5.89628e-05
-5.0856 0.306725 -0.00490733
-5.10264 0.314038 -0.0312104
-5.09049 0.315435 0.00302385
-5.08702 0.312299 0.0158788
-5.07168 0.31537 -0.00670486
-5.08271 0.323284 -0.0223567
-5.0877 0.32697 -0.0116285
-5.08172 0.320698 -0.0110592
-5.10583 0.337384 -0.00249412
-5.07407 0.331202 -0.0115949
-5.06977 0.326683 0.0146884
-5.09051 0.31163 -0.0126441
-5.07899 0.321705 0.00660703
-5.10133 0.341205 -0.00182107
-5.09701 0.326446 -0.0173646
-5.09845 0.312188 -0.00755533
-5.07601 0.315179 -0.0193758
-5.08573 0.32773 0.00316048
-5.04459 0.31264 0.0254751
-5.06493 0.315763 0.0191014
-5.09063 0.314399 0.0026343
-5.08661 0.31402 0.0157642
-5.09103 0.320702 -0.0183092
-5.08248 0.313794 -0.0142498
-5.08778 0.305295 0.00692482
-5.09369 0.329662 -0.0124544
-5.07309 0.316393 -0.00682735
-5.0826 0.304417 0.0015191
-5.08257 0.300332 -0.00467332
-5.07595 0.298607 0.00278811
-5.06857 0.30188 0.000983172
-5.08792 0.316641 -0.0152349
-5.07961 0.301614 -0.000782041
-5.08919 0.322958 -0.0126883
-5.08077 0.319208 0.0122267
-5.07951 0.282775 -0.0202125
-5.07954 0.291946 0.000859154
-5.08723 0.28614 0.00132985
-5.07042 0.293676 0.0081909
-5.08757 0.274253 -0.00315271
-5.07649 0.286618 0.00720055
-5.07434 0.26814 0.0131435
-5.10223 0.272778 -0.00361736
-5.0819 0.287592 0.0125027
-5.0891 0.254691 -0.00804875
-5.08336 0.269078 0.00808218
-5.07381 0.257681 0.00251895
-5.08762 0.266292 0.0126942
-5.10356 0.251353 -0.000961236
-5.08522 0.254844 0.00246449
-5.07061 0.251303 -0.00186032
-5.08449 0.267285 -0.00769812
-5.08943 0.25207 -0.00822042
-5.08353 0.265306 0.00515508
-5.07709 0.221888 0.0148863
-5.08954 0.218118 -0.00696496
-5.08367 0.214378 0.00262109
-5.08758 0.229504 0.0159518
-5.09663 0.21026 0.00319611
-5.09364 0.223359 -0.000679754
-5.0606 0.203056 0.00511909
-5.07902 0.216077 -0.0193543
-5.08025 0.224914 -0.0201937
-5.08632 0.197935 -0.00139626
-5.08827 0.192149 -0.00337291
-5.07482 0.203837 -0.0143851
-5.0915 0.184037 0.000484798
-5.08508 0.18576 0.00139161
-5.08059 0.17273 0.0154899
-5.08185 0.179469 0.0132327
-5.07649 0.191888 -0.00766979
-5.07396 0.162318 0.00833336
-5.08591 0.160665 0.0179816
-5.08548 0.14439 0.015052
-5.08558 0.142307 -0.0103803
-5.07142 0.131349 0.00612116
-5.07641 0.163391 -0.00861246
-5.09747 0.158462 0.00136628
-5.09588 0.148345 0.0110002
-5.07438 0.146327 0.0182676
-5.06557 0.147808 -0.00542068
-5.09533 0.123651 -0.0186787
-5.06873 0.121561 0.00572531
-5.08769 0.119895 0.017069
-5.09462 0.106596 0.00371602
-5.08018 0.117178 -0.00125258
-5.07161 0.0906182 -0.000272064
-5.11192 0.0943813 0.00231787
-5.09126 0.0810645 -0.00541501
-5.09148 0.0858078 -0.0114552
-5.06801 0.0651286 -0.00544626
-5.09073 0.0743969 0.00951495
-5.08578 0.080146 -0.0193997
-5.0746 0.0649226 0.0108402
-5.08424 0.0673117 -0.0038312
-5.07806 0.054164 0.000560118
-5.08642 0.0541742 -0.00139134
-5.07417 0.0356999 -0.00362703
-5.08161 0.0302034 0.00240055
-5.06929 0.035354 -0.0078182
-5.08864 0.0403798 0.00790454
-5.09534 0.0138683 -0.00699167
-5.07997 0.015954 -0.0223464
-5.07383 0.00912703 0.0117796
-5.07035 -0.00576444 0.00449226
-5.08055 0.000269126 -0.0139709
-5.10086 -0.0306917 0.00994116
-5.08746 -0.0240681 -0.00735941
-5.08768 -0.0187569 -0.000118753
-5.07919 -0.0303813 0.0123893
-5.08617 -0.0540328 -0.00150304
-5.10165 -0.0264166 0.0121817
-5.08955 -0.0452624 0.00921046
-5.07173 -0.0487914 -0.000341563
-5.07668 -0.0509922 -0.00149512
-5.06989 -0.0640361 -0.00437478
-5.08021 -0.0712965 0.00334792
-5.09627 -0.0568496 -0.0132449
-5.07188 -0.0679094 -0.000212885
-5.08157 -0.0643291 0.0199548
-5.09245 -0.0730413 0.0018636
-5.08453 -0.0898018 0.0138791
-5.07957 -0.0824924 -0.0033846
-5.06722 -0.0880657 0.00312593
-5.08146 -0.0866212 -0.0133837
-5.07943 -0.108623 0.00186342
-5.1021 -0.130214 0.0120757
-5.08505 -0.115412 -0.00226043
-5.08907 -0.111399 0.0145171
-5.08204 -0.121977 0.0125319
-5.07309 -0.118804 0.00575673
-5.08565 -0.140685 -0.00889345
-5.06995 -0.128836 0.00206902
-5.07678 -0.122571 0.0159963
-5.09611 -0.118596 -0.00185331
-5.06945 -0.148698 0.00818086
-5.07973 -0.147079 0.00739933
-5.07372 -0.135332 0.0181241
-5.09286 -0.147352 0.00975853
-5.0944 -0.118285 0.00597544
-5.08625 -0.176494 -0.006754
-5.07202 -0.137629 -0.00886388
-5.08417 -0.142234 -0.00282942
-5.06876 -0.163462 -0.0117642
-5.07651 -0.164831 -0.00424253
-5.08898 -0.154741 0.0128627
-5.0753 -0.176074 -0.018466
-5.07298 -0.168255 -0.0178159
-5.09352 -0.195325 0.000946289
-5.0857 -0.164095 -0.00283544
-5.08484 -0.200696 0.0195133
-5.08793 -0.189596 -0.00828638
-5.0787 -0.19848 -0.00654063
-5.09852 -0.189945 0.0130402
-5.0827 -0.203198 -0.0144138
-5.06726 -0.194846 0.0127791
-5.08062 -0.226252 -0.0138315
-5.08341 -0.203153 0.0159586
-5.08376 -0.205901 -0.00173048
-5.07663 -0.210049 -0.00115671
-5.08378 -0.230512 0.00322658
-5.09518 -0.22497 -0.00729691
-5.07398 -0.229016 -0.00149777
-5.0669 -0.193933 -0.00766394
-5.07739 -0.222231 0.00487673
-5.07204 -0.231962 0.00761296
-5.07195 -0.220304 -0.0144726
-5.08126 -0.238595 0.0120229
-5.09456 -0.236923 -0.0162372
-5.08409 -0.238069 -0.0213797
-5.0743 -0.256448 0.0288483
-5.06773 -0.247577 -0.0120142
-5.05866 -0.225854 0.00576469
-5.07462 -0.240672 -0.00219722
-5.05511 -0.241005 -0.00264959
-5.08803 -0.244133 -0.00522235
-5.09634 -0.236784 -0.0119733
-5.07536 -0.252052 0.00627181
-5.07412 -0.241339 0.00593828
-5.06934 -0.255812 -0.00890497
-5.07331 -0.246035 0.000560064
-5.0533 -0.238401 -0.00762076
-5.04862 -0.250237 -0.0102943
-5.06756 -0.251088 0.00204338
-5.09058 -0.246931 -0.000301237
-5.07242 -0.261755 -0.000851934
-5.07613 -0.246725 0.000653267
-5.09574 -0.253701 -0.0115832
-5.07791 -0.240684 -0.0140661
-5.08009 -0.249938 0.00058145
-5.0764 -0.243744 -0.0028092
-5.06757 -0.240781 0.0117631
-5.08245 -0.232463 0.00384839
-5.08185 -0.246462 -0.00208194
-5.08081 -0.26134 -0.00963467
-5.08347 -0.264416 -0.00382194
-5.08394 -0.238771 0.0057562
-5.069 -0.250469 -0.00138837
-5.07779 -0.233504 0.0122539
-5.06394 -0.229726 -0.00198466
-5.07142 -0.233796 -0.00885643
-5.07679 -0.228909 -0.000765101
-5.07697 -0.23233 0.0219121
-5.08671 -0.237857 0.0113859
-5.06823 -0.241872 -0.0086106
-5.06668 -0.225732 0.00229494
-5.07854 -0.213197 -0.00289659
-5.08208 -0.234514 -0.000761766
-5.07256 -0.230238 0.00867619
-5.07994 -0.231675 0.00104851
-5.06717 -0.215413 0.00793801
-5.0811 -0.218399 0.0165871
-5.08346 -0.216818 -0.00216097
-5.08096 -0.202259 -0.00528495
-5.07749 -0.211062 -0.000166742
-5.10501 -0.209267 0.013391
-5.06463 -0.204755 -0.00427878
-5.05835 -0.221541 -0.0114712
-5.08619 -0.19834 -0.00229824
-5.06999 -0.211167 -0.00881585
-5.07525 -0.212191 0.00559395
-5.08472 -0.198469 0.00930615
-5.07772 -0.205496 0.0025734
-5.07148 -0.202967 -0.0138833
-5.07744 -0.212752 0.00613225
-5.08046 -0.195458 0.00918884
-5.07716 -0.197365 -0.00413167
-5.08225 -0.172072 -0.00369142
-5.08965 -0.190178 -0.00145318
-5.08043 -0.190901 0.00303906
-5.09393 -0.189758 0.0059343
-5.06809 -0.179193 -0.0135727
-5.06908 -0.182881 0.00109804
-5.08189 -0.167614 -0.00682503
-5.05596 -0.144035 0.0038107
-5.09633 -0.17095 -0.0028048
-5.09023 -0.145914 -0.00858614
-5.06754 -0.160936 -0.00926527
-5.07338 -0.173662 0.0242671
-5.0857 -0.155679 -0.0124534
-5.07576 -0.147987 0.0103942
-5.06675 -0.143245 -0.00254109
-5.06413 -0.139311 -0.00856281
-5.07972 -0.145381 -0.00775051
-5.07902 -0.122081 0.00380816
-5.06869 -0.154032 0.00768518
-5.0757 -0.135238 0.0122816
-5.08084 -0.12995 -0.00506986
-5.06381 -0.13919 -0.00969618
-5.08175 -0.124952 -0.0103285
-5.0598 -0.109405 0.00748891
-5.04546 -0.0986944 -0.00611793
-5.06314 -0.106584 0.00228802
-5.07432 -0.116835 0.0166683
-5.06174 -0.104788 -0.00774766
-5.0602 -0.0959291 0.00527863
-5.08322 -0.101563 -0.00502162
-5.084 -0.0889858 -0.00121779
-5.06917 -0.0971081 0.00264757
-5.07777 -0.0824462 0.00533642
-5.07029 -0.0745176 0.000540278
-5.06438 -0.0762929 -0.00634108
-5.07773 -0.0716109 0.00208597
-5.07702 -0.0899757 -0.000366831
-5.06592 -0.0650469 0.0182259
-5.07654 -0.0502767 -0.0117395
-5.07794 -0.0561666 -0.00324047
-5.09323 -0.0468033 -0.0134764
-5.08387 -0.0592479 0.00173101
-5.08747 -0.048544 0.00659962
-5.07159 -0.0412061 -0.00936142
-5.07132 -0.0289139 0.0116346
-5.08652 -0.0188566 0.00284127
-5.05379 -0.0131889 -0.0130723
-5.06367 -0.0223446 -0.000792627
-5.07966 -0.0353309 0.0155573
-5.07791 -0.00923015 0.00926216
-5.07991 -0.00633899 0.0108319
-5.06662 0.00204277 -0.00954678
-5.08229 0.0125068 -0.00673069
-5.09275 0.00941325 0.000122737
-5.06822 0.00686716 -0.00705306
-5.07357 0.0026053 -0.00247115
-5.08277 0.00549882 -0.00665975
-5.09436 0.0261148 0.0105184
-5.07029 0.0135128 -0.00688005
-5.09323 0.0416959 0.00339285
-5.08837 0.0336716 -0.0107698
-5.07007 0.0311227 0.00125441
-5.09035 0.0333285 0.00378871
-5.07701 0.0363508 0.0097579
-5.07855 0.0370962 -0.00931822
-5.08006 0.0553781 0.0143312
-5.07608 0.0190508 -0.0279648
-5.07593 0.0499223 -0.00839362
-5.06886 0.0330952 -0.000482169
-5.08707 0.0495666 -0.000988601
-5.07001 0.0665103 0.00337783
-5.09241 0.0506777 0.00735549
-5.0711 0.0466702 0.00501471
-5.05454 0.0656379 9.67235e-06
-5.08368 0.0629363 0.00538658
-5.08946 0.0720722 -0.0151078
-5.06814 0.0690007 0.0038957
-5.09024 0.0822859 -0.0150567
-5.07247 0.0679106 -0.00963399
-5.08345 0.0835547 0.00203838
-5.06645 0.0756779 0.00869274
-5.06777 0.093688 -0.0073923
-5.06617 0.0850608 -0.000183869
-5.08931 0.0747409 0.022098
-5.07297 0.0996516 -0.00801494
-5.0677 0.106153 0.00645232
-5.07149 0.10157 0.0101022
-5.07366 0.106229 -0.00565839
-5.06106 0.102597 0.0109154
-5.06674 0.106162 0.00112785
-5.07014 0.0945525 0.0111001
-5.0878 0.101224 0.00778052
-5.07667 0.110853 0.00670936
-5.07339 0.119021 -5.15965e-05
-5.05878 0.138535 -0.00578037
-5.07245 0.126127 -0.00779692
-5.0726 0.13039 0.00664387
-5.07029 0.124525 -0.000186056
-5.06597 0.144741 0.000375791
-5.0616 0.150803 0.000647872
-5.07576 0.137907 0.00921888
-5.08429 0.150445 0.00279825
-5.06463 0.148878 0.00313693
-5.06945 0.14482 -0.019995
-5.07058 0.146074 -0.0144431
-5.06607 0.157245 -0.0217271
-5.07406 0.139821 -0.00593734
-5.0525 0.176574 -0.00866533
-5.05241 0.181355 0.0175463
-5.0695 0.148097 -0.00185835
-5.04875 0.15751 -0.0114973
-5.05295 0.169643 -0.00515807
-5.05416 0.172288 0.00919619
-5.06468 0.14931 -0.0095497
-5.06848 0.175843 -0.00119925
-5.0657 0.187831 -0.00940029
-5.07645 0.157107 -0.0073045
-5.05513 0.17813 0.0063307
-5.07743 0.160275 0.00696021
-5.05707 0.17678 -0.0175835
-5.04699 0.194981 0.00425893
-5.06501 0.190862 0.00203773
-5.08795 0.190541 -0.00591328
-5.07593 0.187255 0.00340585
-5.04331 0.186463 0.00671329
-5.0614 0.182018 -0.00378472
-5.06328 0.170297 -0.0286487
-5.07269 0.201314 0.0085829
-5.06229 0.170359 0.0159844
-5.07501 0.193336 0.0149591
-5.05223 0.170849 -0.017238
-5.06251 0.187679 -0.00891216
-5.05453 0.171492 0.00711223
-5.05595 0.193992 0.00749926
-5.07538 0.200312 0.00794963
-5.07181 0.191365 -0.0106314
-5.058 0.171069 -0.00345835
-5.05863 0.193779 0.00611732
-5.07207 0.190171 -0.0272927
-5.06212 0.200985 0.00406702
-5.05896 0.191726 -0.0086463
-5.06037 0.210333 0.00508681
-5.04954 0.189714 -0.00430376
-5.08935 0.181269 0.0120067
-5.0664 0.20428 -0.00884017
-5.06979 0.198891 0.00649232
-5.08595 0.193887 0.0152721
-5.05526 0.190439 -0.00158952
-5.07667 0.202576 0.00160435
-5.04979 0.186907 -0.00430803
-5.07149 0.185065 -0.0110816
-5.06144 0.190305 -0.0028475
-5.04992 0.202827 -0.00484301
-5.07299 0.197222 -0.00268283
-5.06749 0.178458 0.0055028
-5.04871 0.187575 -0.00151893
-5.05904 0.192071 -0.012122
-5.02839 0.182208 -0.00811901
-5.04085 0.198856 0.00151697
-5.06297 0.189894 -0.0021692
-5.05073 0.173468 0.014858
-5.06569 0.17976 0.00525999
-5.06521 0.189616 0.00036791
-5.07574 0.191331 -0.00442328
-5.08398 0.192183 -0.00545369
-5.05711 0.17717 -0.00535072
-5.07127 0.177132 -0.000103231
-5.06025 0.177214 0.0186831
-5.04696 0.182704 -0.00761167
-5.04939 0.17768 0.00322739
-5.05026 0.171803 0.00263338
-5.08881 0.166952 0.00969259
-5.05541 0.174067 0.011666
-5.05728 0.17442 0.0156489
-5.05978 0.175794 -0.0085831
-5.06678 0.164107 0.00610786
-5.06873 0.181086 0.00878261
-5.05583 0.174204 0.00101836
-5.06634 0.159292 0.0125957
-5.06807 0.168859 -0.00332692
-5.0808 0.158849 -0.000287888
-5.03838 0.161296 0.00319129
-5.07408 0.164325 -0.0145609
-5.05252 0.157629 -0.00353522
-5.07141 0.163835 -0.00990419
-5.05601 0.174715 0.00904787
-5.06306 0.151234 -0.00696283
-5.05851 0.154155 0.0122188
-5.05719 0.1425 0.00439189
-5.06545 0.161908 0.011678
-5.06352 0.171773 -0.00428343
-5.07706 0.163378 0.00369893
-5.07364 0.13937 0.0169549
-5.07439 0.15158 0.00244392
-5.06602 0.13438 0.0314433
-5.07235 0.137111 0.0141299
-5.04711 0.134953 -0.00821175
-5.06998 0.146374 0.0076642
-5.05354 0.15162 -0.00583945
-5.04938 0.121584 0.0145475
-5.06824 0.136908 0.0114253
-5.061 0.131371 0.0152148
-5.06657 0.117778 0.00889404
-5.061 0.130638 -0.00971859
-5.07144 0.115744 -0.0045675
-5.08304 0.132095 -0.0175262
-5.05971 0.091834 0.00391205
-5.06482 0.137831 -0.0129855
-5.08064 0.12018 -0.00939558
-5.06702 0.107043 0.00447621
-5.06178 0.111641 -0.0119951
-5.05895 0.118337 0.00665189
-5.06326 0.0906324 0.00316925
-5.05876 0.104205 -0.003774
-5.06527 0.0939739 -0.00395191
-5.06344 0.0965731 -0.0197011
-5.05431 0.114084 0.0116984
-5.06312 0.0990403 0.000776785
-5.06518 0.106775 -0.0159553
-5.06491 0.0859673 -0.00281483
-5.06321 0.10268 0.00726242
-5.05438 0.110362 0.0132327
-5.07015 0.0909896 -0.00697184
-5.06385 0.0741467 -0.00242407
-5.07136 0.0989316 0.00272638
-5.06676 0.0665532 0.00387424
-5.06977 0.0964721 -0.00175819
-5.05838 0.0866599 0.0137289
-5.06955 0.0664595 0.0121549
-5.06131 0.0598217 -0.00178335
-5.05985 0.0643843 2.62054e-05
-5.07448 0.0709164 0.0105768
-5.0514 0.0762561 0.00990076
-5.05529 0.0626227 0.00564616
-5.07499 0.0660367 0.0190811
-5.05646 0.0608404 -0.00895198
-5.0707 0.0608853 -0.0025382
-5.05741 0.0500032 -0.000808616
-5.06562 0.0577902 -0.0186921
-5.06192 0.0455522 -0.000533884
-5.04792 0.0529622 -0.00100176
-5.07131 0.0406556 0.00543151
-5.05129 0.0458981 0.00417907
-5.06742 0.0385562 -0.00975168
-5.05774 0.0327345 -0.00663646
-5.06572 0.0277558 0.00186591
-5.0591 0.0523086 -0.00213352
-5.07563 0.0535434 -0.00589301
-5.04253 0.0449734 -0.000525084
-5.06271 0.0419561 0.00980076
-5.07902 0.0206368 0.000682406
-5.0727 0.0389381 0.00113593
-5.05393 0.0231732 -0.00616296
-5.04465 0.018812 -0.00525961
-5.05762 0.0264744 0.00471666
-5.0596 0.0180096 -0.00560383
-5.06985 0.0166675 0.00533272
-5.07191 0.0142256 0.00309725
-5.05563 0.0123409 -0.0193632
-5.04912 0.00549685 0.00768618
-5.05819 0.000611503 -0.00636697
-5.07209 0.0128078 -0.00967954
-5.06324 -0.00124659 0.00611943
-5.06762 -0.00442344 0.00306136
-5.0817 0.00386424 0.00705505
-5.07459 -0.0197008 -0.00972254
-5.07026 -0.00993942 0.000395667
-5.0643 -0.0169961 -0.0016297
-5.06769 -0.0116189 0.0068093
-5.07212 -0.00859995 -0.00315846
-5.05961 -0.0147544 0.013055
-5.0583 -0.0284273 0.00110249
-5.06966 -0.0266872 -0.00682494
-5.05753 -0.0246879 -0.00412061
-5.0542 -0.0401187 0.000838007
-5.07264 -0.0308048 0.00108217
-5.05564 -0.0268005 0.0065088
-5.05705 -0.0333383 0.0018805
-5.04398 -0.0464887 -0.026937
-5.05966 -0.0357617 -0.0111136
-5.07062 -0.0381071 -0.00807789
-5.06486 -0.048624 -0.000981115
-5.06366 -0.046969 -0.000355499
-5.04983 -0.0111358 0.00557088
-5.07157 -0.0374827 -0.0334026
-5.0581 -0.0514952 -0.0156
-5.06592 -0.0378108 -0.000951743
-5.06996 -0.0575258 0.00433596
-5.04281 -0.0354844 0.004872
-5.05249 -0.049874 -0.000744683
-5.06942 -0.0566543 -0.00997464
-5.05093 -0.0531348 -0.0027782
-5.04691 -0.0483317 0.00589674
-5.06122 -0.0806323 -0.00966788
-5.05305 -0.0718795 0.00682202
-5.06919 -0.0506542 0.00718797
-5.07552 -0.0641343 -0.0160548
-5.06351 -0.0576584 -0.0121997
-5.06111 -0.0744683 0.0164378
-5.02341 -0.0462019 -0.0236498
-5.07082 -0.0798638 -0.00493924
-5.06851 -0.068668 0.0156001
-5.06391 -0.0704788 -0.0141707
-5.0467 -0.0645935 0.00599128
-5.06656 -0.0608844 0.00357809
-5.0526 -0.0869464 -0.000376603
-5.06042 -0.0537676 0.00409633
-5.05144 -0.0747944 0.00230386
-5.07248 -0.0588915 -0.00469689
-5.05304 -0.0527587 -0.0106961
-5.06237 -0.0606279 0.00337187
-5.07595 -0.0680998 -0.00636399
-5.06835 -0.0646128 0.018951
-5.02921 -0.0742486 0.00732565
-5.03963 -0.0711714 -0.020392
-5.07447 -0.0871427 0.00443628
-5.08186 -0.0721234 -0.00601573
-5.03082 -0.084462 -0.00704352
-5.06518 -0.0895914 -0.0128175
-5.04861 -0.101042 -0.000995333
-5.03948 -0.0963239 0.00219276
-5.05419 -0.102822 0.0163593
-5.07163 -0.076721 -0.0140135
-5.05764 -0.0877254 0.00546064
-5.07076 -0.0776091 -0.0109546
-5.06051 -0.0891869 -0.00175823
-5.05598 -0.0957621 -0.0134836
-5.06338 -0.0791408 0.00596659
-5.05881 -0.0891322 0.000393289
-5.04022 -0.101779 -0.00523852
-5.05132 -0.103517 -0.0142639
-5.07058 -0.0883312 -0.0129516
-5.05371 -0.0889463 -0.00440066
-5.07453 -0.0959006 -0.0097022
-5.04991 -0.103079 -0.00617111
-5.06811 -0.084168 0.00703154
-5.05082 -0.0879015 0.00564343
-5.06658 -0.119459 -0.00170522
-5.0504 -0.0789396 0.00640295
-5.06294 -0.0870445 0.00989825
-5.05952 -0.10277 -0.00298665
-5.05417 -0.100892 0.0175249
-5.05642 -0.0855359 0.0141628
-5.05105 -0.0996335 -0.00339888
-5.03908 -0.115364 -0.00699056
-5.03961 -0.111284 -0.00561595
-5.05477 -0.0843526 -0.00331794
-5.06194 -0.0991158 -0.0190699
-5.06017 -0.0987082 0.00748873
-5.0597 -0.101339 -0.00881146
-5.05054 -0.105304 0.00310487
-5.0625 -0.0975375 -0.00451104
-5.05376 -0.100161 0.00155952
-5.05103 -0.11412 -0.00355893
-5.03754 -0.0864303 -0.0055655
-5.06069 -0.0932115 0.00755242
-5.05479 -0.106034 0.0105601
-5.0658 -0.100381 -0.00325701
-5.05186 -0.0836921 0.0130513
-5.03973 -0.0910276 -0.00455268
-5.05961 -0.11251 0.00275956
-5.06118 -0.0855128 -0.00466505
-5.04353 -0.0924828 -0.000841285
-5.05787 -0.0944505 0.00438958
-5.06411 -0.0987783 -0.0253237
-5.049 -0.0774087 0.001277
-5.05421 -0.0982944 0.0108915
-5.05923 -0.100931 0.0086436
-5.05638 -0.101602 0.00832036
-5.06719 -0.0987061 -0.000193996
-5.07535 -0.0951155 0.0182763
-5.04333 -0.0992404 -0.010044
-5.04246 -0.0793495 -0.00833286
-5.04844 -0.0965601 0.00405883
-5.05323 -0.0848647 0.00127519
-5.04929 -0.0869041 0.0104713
-5.06195 -0.095872 -0.00561945
-5.05636 -0.0721032 0.00087954
-5.05379 -0.0703803 -0.00975871
-5.0656 -0.0724485 -0.0172998
-5.07266 -0.0823612 -0.00905311
-5.06098 -0.0973377 0.009913
-5.05588 -0.0842422 -0.00675971
-5.0625 -0.0772597 -0.00177937
-5.0458 -0.0877701 -0.0104147
-5.05355 -0.077786 -0.0167027
-5.06358 -0.0711014 -0.0067549
-5.04746 -0.0814084 0.00263366
-5.05266 -0.0760158 -0.00886935
-5.05022 -0.0629843 -0.000716652
-5.0687 -0.082313 0.0198664
-5.05567 -0.0634414 0.00401162
-5.05962 -0.0728946 -0.00287986
-5.05506 -0.0618965 0.0137663
-5.05738 -0.0880598 -0.0273562
-5.04368 -0.0573072 -0.00383912
-5.06177 -0.0647098 -0.00740226
-5.04902 -0.0521359 0.00210355
-5.04797 -0.0805075 0.000326439
-5.05176 -0.0671751 -0.00199645
-5.06582 -0.0456794 -0.00269753
-5.07169 -0.0693857 -0.017734
-5.06571 -0.0638066 0.00291121
-5.0522 -0.0402281 0.000648254
-5.04541 -0.0458072 -0.000581084
-5.05704 -0.0629918 0.0086679
-5.03481 -0.05086 -0.00641144
-5.06735 -0.0442892 -0.00880736
-5.05524 -0.033311 0.00297704
-5.06263 -0.041831 -0.0139896
-5.03307 -0.0440002 -0.000797819
-5.07046 -0.0477251 0.00268095
-5.03726 -0.0247472 0.00186502
-5.0511 -0.0445683 -0.00892767
-5.05701 -0.0570127 0.00186187
-5.06678 -0.0521633 -0.000159484
-5.05344 -0.0549504 -0.00124676
-5.06155 -0.0280094 -0.00743277
-5.05579 -0.0428633 0.00388155
-5.06614 -0.0281765 0.0188116
-5.07471 -0.0332026 -0.00945814
-5.05604 -0.0263352 0.00416214
-5.04946 -0.036167 0.0121869
-5.051 -0.0319173 -0.0208085
-5.06298 -0.0329343 0.00634413
-5.04354 -0.0498555 -0.00428582
-5.03458 -0.0119291 -0.0144648
-5.05155 -0.0111379 0.0110053
-5.03831 -0.0283881 0.00633708
-5.04369 -0.0087675 -0.0102999
-5.05633 -0.0105925 -0.00163072
-5.06524 -0.024213 -0.00341194
-5.04815 0.000377093 -0.00577992
-5.04913 -0.0178696 -0.00830575
-5.05015 -0.0158436 0.000793953
-5.04254 -0.0280892 0.00760845
-5.04388 0.000175877 -0.0131318
-5.05564 -0.0128105 -0.0210401
-5.03723 -0.00890297 -0.00196317
-5.04158 0.0157227 0.0022384
-5.04617 -0.0117595 -0.0144635
-5.04995 0.00723533 0.0121246
-5.06137 0.00984239 0.00420338
-5.04922 -0.00541041 -0.000379451
-5.05711 0.00541306 0.00290325
-5.06023 -0.0138187 0.000988863
-5.0436 0.00526441 -0.00126548
-5.05003 -0.00562034 -0.00226558
-5.03595 -0.00216412 -0.0086492
-5.04926 0.00803599 -0.011427
-5.05584 0.00839617 -0.00276752
-5.06374 0.0148827 -0.00951268
-5.04804 0.0194002 0.00304716
-5.05896 -0.00212777 0.00860329
-5.04498 0.0118598 -0.00223992
-5.06098 0.00969791 -0.0148969
-5.06674 0.0143645 0.0135972
-5.05317 0.0335091 0.0275951
-5.05805 0.0362743 -0.00407505
-5.04761 0.0169416 0.00759267
-5.06534 0.0010506 -0.00167054
-5.04965 0.0206765 -0.00539553
-5.0351 0.0127831 -0.00482199
-5.06115 0.0340556 -0.015772
-5.05717 0.021657 -0.0110469
-5.02784 0.0441601 -0.0234624
-5.05983 0.0298707 -0.000423172
-5.04454 0.0119906 -0.000299354
-5.0481 0.0109537 -0.00827002
-5.0531 0.029187 -0.0135924
-5.06466 0.0376342 0.0111436
-5.04917 0.0411564 -0.0182302
-5.04227 0.030986 0.000754714
-5.04543 0.0290233 -0.00737807
-5.04862 0.0459423 0.00257183
-5.04394 0.0378671 -0.00196257
-5.06684 0.0293498 -0.000585489
-5.03898 0.0280271 -0.0243642
-5.04882 0.0299494 -0.0157394
-5.07327 0.0334958 0.000420842
-5.05795 0.0222816 0.00219511
-5.03842 0.0410643 0.0258887
-5.05394 0.0284243 -0.00864977
-5.04753 0.0469602 -0.000331832
-5.04649 0.0480169 0.00487168
-5.04014 0.0263874 -0.00287475
-5.06255 0.0488445 -0.000858556
-5.05516 0.0458443 0.00965438
-5.04904 0.0410841 0.00327724
-5.03123 0.0596077 -0.0129258
-5.04152 0.0406156 0.0251003
-5.06596 0.0408011 0.00230149
-5.0492 0.0501069 0.00397921
-5.05452 0.0470749 -0.00856646
-5.04436 0.063702 -0.00613139
-5.05034 0.0655053 -0.00733422
-5.05732 0.0490166 -0.00679108
-5.05522 0.0543856 0.00655336
-5.05752 0.0570891 0.00387526
-5.05919 0.0331866 -0.00448404
-5.04344 0.0674232 -0.0117273
-5.04814 0.046798 -0.00333904
-5.05335 0.0618378 0.00562809
-5.04128 0.0720563 0.0108739
-5.0457 0.0579766 0.00933417
-5.07024 0.0456443 -0.015203
-5.04982 0.0596786 0.00960474
-5.04903 0.0635252 0.00103247
-5.05254 0.0624459 0.00546434
-5.05486 0.0679876 0.00364985
-5.06505 0.0475047 -0.011171
-5.05333 0.0746227 0.0134967
-5.067 0.0619069 0.0106178
-5.0607 0.0574636 -0.00923922
-5.04889 0.0759359 -0.0168207
-5.05171 0.070696 -0.00186654
-5.05713 0.0663261 -0.0058284
-5.03423 0.0553007 0.00639453
-5.04739 0.0642564 -0.00770101
-5.05737 0.0574538 -2.68741e-05
-5.04661 0.0750871 -0.00197056
-5.04536 0.0667083 0.00215479
-5.04922 0.0556161 0.00254815
-5.06264 0.0546512 -0.0121716
-5.05104 0.0611197 -0.0281921
-5.04471 0.0638205 0.021347
-5.05308 0.0596676 0.00762051
-5.02076 0.0596247 0.0160323
-5.02321 0.0616522 0.00203275
-5.04636 0.0641998 0.0036415
-5.05159 0.0638864 0.00521522
-5.0463 0.0634064 0.0103122
-5.04647 0.0681327 -0.00591936
-5.05844 0.0678943 0.00405913
-5.05425 0.0492035 -0.000452851
-5.04817 0.0445647 0.00897356
-5.03805 0.0650973 -5.12806e-05
-5.04739 0.0609687 -0.00783677
-5.04594 0.0539987 0.00370502
-5.05495 0.0760144 -0.0197197
-5.02887 0.0495081 -0.0049111
-5.05356 0.0507479 0.0271612
-5.02956 0.05892 0.0160551
-5.05666 0.0469474 -0.00513978
-5.0428 0.0497599 -0.00499747
-5.034 0.0491723 0.0131886
-5.04389 0.0512849 0.0162974
-5.05382 0.0627604 -0.00339883
-5.06432 0.05924 -0.000136991
-5.04893 0.0463014 -0.00130743
-5.05288 0.0601989 0.00319351
-5.05056 0.0352647 -0.00194585
-5.05383 0.0526054 0.00602435
-5.03886 0.0605202 0.0107884
-5.05507 0.0344719 0.0122649
-5.04852 0.0460326 -0.000841286
-5.05775 0.0506809 0.0122794
-5.03547 0.0423852 0.0101658
-5.04797 0.0667473 0.0150043
-5.05411 0.0552109 -0.0180927
-5.05333 0.0472019 -0.0114448
-5.05112 0.0573954 0.0037858
-5.05936 0.0591239 0.00693161
-5.05168 0.0564383 -0.00481071
-5.03086 0.0515356 0.0254364
-5.04963 0.0484767 -0.00827359
-5.04274 0.0451506 -0.00204382
-5.03897 0.0619151 0.0193832
-5.03918 0.0593808 -2.11333e-05
-5.05122 0.0306996 0.00417885
-5.04087 0.0357285 -0.0156289
-5.02809 0.0558629 -0.00526779
-5.03936 0.0424568 0.013978
-5.03801 0.0400714 0.012592
-5.07023 0.0483478 -0.0213375
-5.05669 0.033695 0.0072563
-5.04205 0.054336 -0.00894391
-5.06276 0.028552 0.00923185
-5.03847 0.033715 0.000844756
-5.05153 0.0356361 0.0101386
-5.02928 0.0316708 -0.0021098
-5.04652 0.0480102 -0.0103226
-5.0565 0.0465859 0.0175505
-5.04231 0.0348994 -0.00104545
-5.04565 0.0462977 -0.0103408
-5.04283 0.0279467 0.00912381
-5.03403 0.0121584 -0.010123
-5.04153 0.026042 -0.012872
-5.0437 0.0300396 -0.0189255
-5.04415 0.0267445 0.0132326
-5.06617 0.025176 -0.00756283
-5.04119 0.0316425 0.0015628
-5.0549 0.0183246 -0.0137448
-5.05161 0.0126196 -0.00196373
-5.03587 0.0258052 -0.00570248
-5.03266 0.0238348 0.0194961
-5.03853 0.0176664 0.0150765
-5.04288 0.013955 0.0072576
-5.05629 0.0195252 0.0017422
-5.03466 0.0144882 0.00773802
-5.03296 0.00534863 0.00615914
-5.03919 0.0299625 0.010124
-5.05136 0.0127399 -0.00116935
-5.05225 0.0256574 0.0126727
-5.03941 -0.0169327 0.0190472
-5.04334 0.0188424 -0.010485
-5.05853 0.0147988 0.0175017
-5.04911 0.0175337 -0.00915897
-5.04663 0.0123714 -0.0245404
-5.02542 -0.00591188 0.0204565
-5.02547 0.00335676 -0.00606582
-5.03767 0.0127418 -0.00584897
-5.05745 0.000282318 0.00801126
-5.04826 0.0216555 0.0123492
-5.02618 -0.000344246 8.11426e-05
-5.03159 -0.000526305 -0.0111035
-5.05038 0.00529627 -0.00629566
-5.04655 -0.0064222 0.0108817
-5.04821 -0.0195525 -0.000942877
-5.04645 0.000585013 -0.00403551
-5.03705 -0.00728357 -0.000255767
-5.04445 -0.0107892 -0.00970963
-5.04604 0.00512792 -0.00254775
-5.05032 -0.0132883 -0.00266037
-5.03039 -0.0177527 -0.00113538
-5.05249 -0.0103633 0.00575833
-5.03345 -0.0192094 0.010225
-5.04775 -0.0135606 -0.0210274
-5.05515 0.00843667 -0.00436222
-5.05096 -0.0153875 0.0264776
-5.04085 -0.0208256 -0.013646
-5.03121 -0.0142487 0.010818
-5.05113 0.00282496 -0.00498538
-5.05451 -0.0285976 -0.0194059
-5.04084 -0.0116964 0.0198721
-5.04532 -0.0228709 -0.0053529
-5.04542 -0.023925 -0.00212399
-5.0682 -0.0233766 0.0065656
-5.04323 -0.00703986 0.00173943
-5.04251 -0.027143 0.000599088
-5.04232 -0.0208065 0.0116089
-5.0422 -0.0200144 0.00277165
-5.03674 -0.0180208 -0.00375015
-5.04985 -0.0246489 0.00750519
-5.03605 -0.0352966 0.00307885
-5.05152 -0.0157766 -0.00640526
-5.06814 0.00824798 0.000265759
-5.02408 -0.0188726 0.0176663
-5.05024 -0.0168706 -0.016398
-5.04956 -0.0254706 0.0132732
-5.03086 -0.0121053 -0.0071764
-5.04245 -0.0424095 -0.00735907
-5.0386 -0.020327 0.00258305
-5.06266 -0.0281784 0.0097111
-5.04362 -0.0359497 -0.0090659
-5.04089 -0.0114948 -0.0139243
-5.04454 -0.0286555 -8.09004e-05
-5.05879 -0.0427621 -0.0109294
-5.05272 -0.0323635 -0.0110718
-5.03834 -0.0285881 -0.0177408
-5.04544 -0.0229272 0.0104485
-5.06161 -0.0554336 -0.0133484
-5.04992 -0.0333548 0.0078236
-5.06025 -0.0355998 -0.00594221
-5.02453 -0.0215666 -0.00647047
-5.05996 -0.0600025 0.00397594
-5.04932 -0.0590292 0.0048279
-5.02828 -0.0332759 -0.00481487
-5.03314 -0.0409806 -0.0211246
-5.03339 -0.0266575 -0.00104066
-5.03246 -0.0521578 -0.0106059
-5.04844 -0.0417561 0.00233443
-5.03049 -0.0629766 0.0119395
-5.04893 -0.0555765 -0.013498
-5.0519 -0.0449849 -0.000432445
-5.06047 -0.0577119 -0.00451988
-5.03991 -0.0437821 0.0113749
-5.05332 -0.0553218 -0.00261079
-5.02971 -0.0504031 -0.000595164
-5.03356 -0.0529425 0.00549979
-5.02722 -0.0624282 -0.00270003
-5.03264 -0.0609538 -0.00319632
-5.03182 -0.0588597 0.00348012
-5.05073 -0.048816 -0.00683863
-5.03864 -0.0452694 0.00266598
-5.0638 -0.0581202 0.00609979
-5.01119 -0.0568335 -0.00356679
-5.05401 -0.0591135 0.000591343
-5.04933 -0.0480189 0.0092588
-5.03272 -0.079784 -0.00892377
-5.0304 -0.0290573 -0.00872926
-5.05176 -0.0716869 0.00507554
-5.04455 -0.0541938 -0.00987873
-5.0358 -0.0645362 -0.00815425
-5.02642 -0.0594251 0.0284074
-5.0291 -0.0525281 -0.0031636
-5.03294 -0.0347831 -0.00476036
-5.04209 -0.0510852 -0.00899422
-5.0278 -0.0557943 -0.00984494
-5.01318 -0.0541946 0.00597613
-5.0551 -0.0549924 -0.00919872
-5.04126 -0.0520559 0.000237914
-5.05008 -0.0596122 0.00493129
-5.0578 -0.0557843 -0.00280921
-5.04122 -0.0838924 -0.00549602
-5.05226 -0.0603742 0.0171919
-5.02962 -0.0626199 -0.00445171
-5.04927 -0.0629437 -0.00324681
-5.05045 -0.046276 -0.0147761
-5.0468 -0.0546685 0.0260187
-5.05104 -0.0666418 0.00927633
-5.05054 -0.052723 0.000840461
-5.04212 -0.0546549 -0.0118618
-5.04956 -0.0732658 -0.00061121
-5.03967 -0.0656327 0.0161618
-5.04286 -0.0573161 -0.0155522
-5.03655 -0.0603085 -0.00522068
-5.05367 -0.060758 -0.00444152
-5.03515 -0.0713255 0.00214655
-5.05359 -0.0614856 -0.0233301
-5.0427 -0.068074 -0.000863918
-5.04022 -0.0711369 -0.00165889
-5.03517 -0.0734083 0.00175928
-5.03302 -0.0705265 -0.019867
-5.05063 -0.05521 -0.00569339
-5.03696 -0.0519146 0.00174548
-5.0407 -0.0690584 -0.00758882
-5.04391 -0.0564308 -0.00135167
-5.03721 -0.0582595 -0.0159987
-5.05334 -0.0663198 -2.68429e-05
-5.04965 -0.0618918 -0.0105411
-5.04141 -0.0620121 0.0027264
-5.04408 -0.0743821 0.00647267
-5.03628 -0.0444989 -0.010085
-5.03762 -0.0665034 0.0314146
-5.04271 -0.068821 0.0174582
-5.0504 -0.0573759 -0.00489902
-5.02782 -0.0603551 0.00379772
-5.03851 -0.062727 -0.000982339
-5.04707 -0.0595413 0.00212447
-5.05056 -0.0779285 0.00389134
-5.05697 -0.0570501 0.0127486
-5.05331 -0.0632985 -0.00913703
-5.03082 -0.0619576 -0.00654953
-5.04723 -0.0573716 0.0047795
-5.03265 -0.0661453 -0.00243029
-5.03947 -0.0514329 0.000896713
-5.04474 -0.0594672 0.000719653
-5.0457 -0.0732725 0.0135365
-5.04041 -0.0594009 -0.00907489
-5.0435 -0.0577383 -0.00494461
-5.04855 -0.0555982 0.0147724
-5.02254 -0.0629899 -0.00431595
-5.03299 -0.0810744 0.00846826
-5.04341 -0.0626903 0.0213727
-5.04671 -0.0651615 0.0103324
-5.02399 -0.0304118 0.0157248
-5.03345 -0.060118 -0.017721
-5.0373 -0.0690205 -0.00616698
-5.04602 -0.045523 0.00244653
-5.05609 -0.0619768 0.00814442
-5.05584 -0.0485187 -0.000188469
-5.05752 -0.0474787 0.00616134
-5.04399 -0.0623332 0.0213581
-5.04261 -0.0764441 0.00596747
-5.03932 -0.0682604 -0.00454678
-5.02469 -0.0876374 0.00396577
-5.01964 -0.0542018 0.0114441
-5.03158 -0.0521537 0.00560091
-5.02597 -0.0741678 -0.00271667
-5.03337 -0.0776947 -0.000666268
-5.04828 -0.0534424 -0.0161595
-5.02568 -0.0699786 -0.00990179
-5.04131 -0.0448889 -0.00396679
-5.03711 -0.0562244 0.00246486
-5.03411 -0.0710577 0.0150956
-5.03887 -0.0633805 0.0107713
-5.03597 -0.0686871 -0.016604
-5.02477 -0.0420951 0.00605868
-5.04108 -0.0530679 -0.00691068
-5.04307 -0.0676093 -0.00599746
-5.03281 -0.0504003 0.0120589
-5.05991 -0.0727589 0.0144292
-5.03105 -0.0577284 0.00565852
-5.06671 -0.0681941 0.00982995
-5.03406 -0.0301343 0.00581643
-5.03503 -0.0602352 0.00267924
-5.01891 -0.0579075 0.00466913
-5.04457 -0.0590663 0.013056
-5.02731 -0.0433476 0.00581349
-5.03636 -0.0331795 -0.0145219
-5.02895 -0.0670829 0.0157673
-5.02558 -0.0428455 -0.0149529
-5.05046 -0.0727931 -0.0107189
-5.04177 -0.0428789 0.0064396
-5.0574 -0.0517446 -0.0093766
-5.02598 -0.0696218 -0.00298051
-5.03136 -0.0511132 0.00149352
-5.03263 -0.0413273 0.00124756
-5.03945 -0.0613127 0.0113626
-5.03512 -0.0576552 0.00680505
-5.01561 -0.0733999 -0.00745693
-5.04239 -0.0449255 -0.0281136
-5.04208 -0.0601606 -0.00894451
-5.04363 -0.0495441 0.0135224
-5.02761 -0.0703673 0.000163888
-5.04192 -0.0416304 0.000496195
-5.04073 -0.0520239 0.00777505
-5.03245 -0.0332002 -0.0085204
-5.04802 -0.0471479 0.0087468
-5.01604 -0.0432027 0.00618944
-5.04962 -0.0526676 -0.00976903
-5.03337 -0.053475 -0.0142125
-5.04002 -0.0529374 0.0104342
-5.04857 -0.0713494 -0.00266297
-5.04127 -0.0449645 -0.00174278
-5.02815 -0.0638446 0.00742419
-5.04697 -0.0689111 -0.0107366
-5.03449 -0.0608225 0.00981912
-5.03004 -0.0416819 0.00519253
-5.03609 -0.0659565 -0.00880136
-5.02931 -0.053218 0.0129365
-5.02509 -0.0693715 -0.00706111
-5.02795 -0.0505629 0.00236338
-5.04459 -0.0477892 0.00933829
-5.04458 -0.0567122 -0.013459
-5.04009 -0.0616801 -0.0165646
-5.04523 -0.0480488 0.00371097
-5.03931 -0.0426552 -0.0033607
-5.05022 -0.0490132 0.0113539
-5.0517 -0.0429191 0.0217401
-5.03625 -0.0522833 -0.00379696
-5.04529 -0.0508958 -0.00671593
-5.03995 -0.0756574 -0.0115374
-5.04114 -0.0467957 0.01203
-5.03965 -0.0365647 -0.00470716
-5.0366 -0.0636381 0.000505407
-5.0425 -0.0624164 0.0118928
-5.04985 -0.047144 0.0112531
-5.0467 -0.0435189 0.0046652
-5.04669 -0.0551923 0.00577569
-5.02447 -0.0579679 0.0295942
-5.0322 -0.046015 0.00991169
-5.03016 -0.0425996 -0.00455278
-5.05506 -0.0454559 -0.0120012
-5.04761 -0.0548686 0.0160894
-5.03272 -0.0437103 0.0172072
-5.03145 -0.0555102 -0.00375544
-5.03967 -0.0495748 0.00505266
-5.03957 -0.0576949 0.00557312
-5.0345 -0.0595649 0.0135845
-5.06589 -0.0693081 0.00236754
-5.03655 -0.0477862 -0.00420399
-5.04944 -0.0467598 -0.00156638
-5.03555 -0.0643053 0.00187735
-5.03879 -0.0544897 0.013708
-5.04031 -0.0421564 0.00210614
-5.03171 -0.053009 -0.00285144
-5.04076 -0.066465 0.000579864
-5.02607 -0.0437842 0.00776789
-5.0197 -0.0670454 0.00855675
-5.03863 -0.0405962 0.000923994
-5.03551 -0.0471656 0.0134957
-5.04438 -0.0529787 0.00856754
-5.0498 -0.0623636 0.00602321
-5.02941 -0.0616668 -0.0014957
-5.02138 -0.0361639 0.00892593
-5.03567 -0.060864 0.0182576
-5.05137 -0.0592592 0.0322289
-5.03084 -0.0345697 0.0172348
-5.00228 -0.0393797 0.00107827
-5.04444 -0.057796 0.0108536
-5.02601 -0.0679811 -0.0122065
-5.05577 -0.0609038 -0.0178278
-5.04482 -0.0514076 0.00624419
-5.02502 -0.0541075 0.00456724
-5.04418 -0.0516248 0.00744237
-5.03634 -0.0785273 -0.00384473
-5.02404 -0.0512097 -0.000307594
-5.03754 -0.0744802 0.0121895
-5.04594 -0.0796295 -0.0106491
-5.04512 -0.0628205 -0.00420076
-5.03809 -0.0798818 -0.0121849
-5.05107 -0.0742357 0.00414557
-5.0375 -0.0462479 0.00871282
-5.03026 -0.0493215 0.00376541
-5.03462 -0.0589736 -0.00122961
-5.02381 -0.06372 -0.00727349
-5.02891 -0.0537326 0.00863667
-5.03995 -0.061735 -0.0100889
-5.03255 -0.0521137 -0.00169112
-5.03193 -0.0672358 -0.00470781
-5.01917 -0.0554284 -0.00872572
-5.04206 -0.0445662 -0.00431522
-5.03759 -0.0740022 -0.00770947
-5.03812 -0.0699327 0.00873064
-5.03454 -0.0642969 -0.00892194
-5.04553 -0.0591136 -0.00309343
-5.03529 -0.0576328 -0.0244321
-5.04315 -0.0586444 0.00386653
-5.03667 -0.0713697 0.0246257
-5.02519 -0.0601396 0.00493225
-5.02814 -0.0658325 0.0069809
-5.04488 -0.0560353 -0.00477992
-5.03803 -0.0532104 0.00707975
-5.02733 -0.0824052 0.00169758
-5.03253 -0.0615269 0.0144902
-5.03023 -0.0549974 -0.00479526
-5.02864 -0.0612287 0.0122044
-5.04063 -0.0570348 -0.00209732
-5.04176 -0.0761773 -0.00534128
-5.03542 -0.0498711 -0.00926617
-5.03968 -0.048706 0.00292432
-5.02532 -0.0697225 -0.0163159
-5.03082 -0.0622614 0.00958184
-5.05253 -0.0769331 -0.0205486
-5.03781 -0.0534283 -0.00556454
-5.04718 -0.0542815 0.0095325
-5.03239 -0.0561699 -0.00817735
-5.01695 -0.0661201 -0.0141522
-5.05029 -0.0584106 0.00667505
-5.03339 -0.0645937 0.000844814
-5.05323 -0.0440692 -0.00780167
-5.02947 -0.0641659 -0.0170585
-5.03269 -0.0759994 0.000127837
-5.04828 -0.0695891 0.00553547
-5.01265 -0.0720496 0.00313574
-5.02028 -0.0494881 0.0128177
-5.05501 -0.0593254 -0.00321775
-5.02516 -0.0703426 -2.23232e-05
-5.04447 -0.0616547 0.00239651
-5.0156 -0.0678316 0.00315437
-5.03643 -0.062567 -0.000223235
-5.03369 -0.0556395 0.00122991
-5.01937 -0.0455172 -0.000210775
-5.01258 -0.052394 0.0114615
-5.0371 -0.0440108 -0.0039222
-5.03953 -0.0562075 -0.00506274
-5.04099 -0.0605015 -0.00201393
-5.01309 -0.0441691 -0.0090069
-5.05338 -0.0570558 -0.00468905
-5.04787 -0.0406775 0.0203966
-5.02807 -0.0809775 -0.0163114
-5.03067 -0.0496718 -0.0064459
-5.04712 -0.0505606 0.00413111
-5.02377 -0.0472949 0.00426983
-5.05001 -0.0396701 -0.00375428
-5.03287 -0.0493648 0.00426261
-5.02039 -0.0560144 -0.00475446
-5.02712 -0.043462 0.0159819
-5.04701 -0.0555968 -0.0015158
-5.01174 -0.0618523 0.0276436
-5.03592 -0.0455363 0.00381175
-5.02394 -0.0435764 0.013762
-5.03923 -0.0508688 -0.00324246
-5.03696 -0.0523372 -0.00307012
-5.03395 -0.0421437 0.00323639
-5.00751 -0.0378983 0.00232888
-5.03422 -0.0452501 -0.0194709
-5.01132 -0.0583247 -0.00387948
-5.0333 -0.0291244 -0.00627047
-5.00728 -0.0256593 0.00957387
-5.03915 -0.0390635 -0.00968526
-5.02731 -0.0287634 -0.0114049
-5.01638 -0.0341244 0.00631205
-5.04753 -0.0281049 -0.00248783
-5.03811 -0.0282036 0.00459374
-5.02321 -0.0299269 0.00611022
-5.03197 -0.0232509 0.0112146
-5.04547 -0.0240544 -0.0118689
-5.03079 -0.0233865 0.00999486
-5.04473 -0.021008 -0.000109922
-5.02748 -0.0176359 -0.0287477
-5.04431 -0.0154999 0.0064429
-5.0441 -0.0266966 -0.00693219
-5.01124 -0.0229662 0.00536234
-5.00723 -0.0120353 -0.00059948
-5.0228 -0.017997 0.00433797
-5.02175 -0.0176557 -0.00247819
-5.02859 -0.00647381 -0.0115028
-5.0227 -0.0172956 0.00277558
-5.0641 0.00386929 0.000987668
-5.05581 -0.0282509 -0.000555548
-5.03173 -0.0286062 0.000391761
-5.04104 -0.00401168 0.0058847
-5.0471 -0.0429801 -0.0108644
-5.04405 -0.0116596 -0.0123497
-5.03759 -0.00752455 0.000533821
-5.04473 0.00336872 -0.0083043
-5.02299 -0.0379749 -0.0035931
-5.0446 0.00302884 0.00519375
-5.03333 0.00186793 0.00495295
-5.03035 0.00488611 0.000289294
-5.02022 -0.00215568 0.00194948
-5.0329 0.00712234 0.0143179
-5.01439 0.0105112 0.0150183
-5.01461 -0.022273 -0.00913168
-5.03695 -0.0100135 -0.0043759
-5.04894 0.00847771 0.00497725
-5.03409 0.000113631 -0.00165394
-5.03685 0.0204215 0.00966497
-5.03764 0.00552647 0.00629196
-5.02927 0.00904487 0.0106762
-5.03429 0.0380969 0.00837871
-5.03474 0.00826948 -0.016231
-5.03533 0.00673756 -0.018974
-5.04382 0.00453877 0.00327682
-5.0236 0.00923323 -0.00498118
-5.04066 0.010668 0.00771656
-5.03838 0.015798 0.00239593
-5.05159 0.012159 0.00736679
-5.02877 0.0238883 -0.000861635
-5.00985 0.0197944 -0.00611494
-5.0402 0.0334391 0.00880611
-5.04863 0.0320838 0.0041742
-5.05449 0.0184946 0.00624903
-5.04651 0.0403864 0.00994003
-5.03309 0.0526538 0.0158064
-5.0275 0.0255965 -0.00512708
-5.03498 0.0303392 -0.00649437
-5.04232 0.038403 -0.00656716
-5.03918 0.033605 -0.000786417
-5.04634 0.0396031 -0.0112522
-5.02454 0.0338943 -0.0141154
-5.02441 0.0516531 -0.0158737
-5.03186 0.048199 -0.00646304
-5.06141 0.0457779 0.00296754
-5.02967 0.0396973 -0.0089805
-5.02962 0.0618591 0.00314526
-5.03708 0.0388349 -0.0135664
-5.0453 0.0351824 0.000993519
-5.04053 0.0492715 -0.0156747
-5.04939 0.0425908 -0.00710036
-5.04503 0.024405 0.00736517
-5.03835 0.0675358 0.0103509
-5.05338 0.0555092 -0.00267509
-5.02108 0.0369756 0.0133772
-5.03378 0.05189 -0.00526333
-5.02089 0.0617682 0.0146427
-5.03391 0.063939 -0.00306363
-5.0267 0.054224 0.00259965
-5.0314 0.0566931 -0.00880122
-5.03192 0.0580904 -0.00438542
-5.02966 0.0599391 0.00790644
-5.02527 0.0568951 -0.00972845
-5.02793 0.056195 0.00439693
-5.0254 0.0916139 0.00389458
-5.03349 0.050111 0.010724
-5.04242 0.0670265 0.00531172
-5.04191 0.0671693 0.00635369
-5.03553 0.0712049 0.0155511
-5.04791 0.0803353 0.0069202
-5.04476 0.0803163 0.0135752
-5.03746 0.0736388 -0.00872541
-5.04212 0.0637291 -0.0044766
-5.03873 0.096067 0.00962279
-5.02763 0.0648872 -0.00116476
-5.02858 0.0713736 0.00691098
-5.02941 0.0728937 0.0136139
-5.03785 0.0776734 -0.0202486
-5.03815 0.0739146 -0.00462599
-5.04191 0.0780415 0.0125177
-5.04691 0.0926993 0.00305679
-5.04625 0.067206 -0.00559651
-5.02459 0.0755703 -0.0127238
-5.0251 0.0867534 0.0120094
-5.01806 0.0769558 0.00579095
-5.02995 0.0794128 -0.000923563
-5.02373 0.0597084 0.00789466
-5.03055 0.0730154 0.00514127
-5.03637 0.0761895 -0.00345529
-5.02386 0.086551 -0.00306238
-5.01433 0.0779647 0.00540511
-5.03379 0.0845348 0.00621102
-5.03074 0.0899784 0.0164976
-5.0337 0.081181 -0.00770302
-5.03694 0.0945105 -0.00620423
-5.03725 0.103838 -0.00749967
-5.04497 0.0903526 -0.00329917
-5.0494 0.0916935 6.62712e-05
-5.04064 0.0877388 -0.0135325
-5.03091 0.0974483 0.00330564
-5.01948 0.0848982 0.0101593
-5.02395 0.0852171 -0.00324191
-5.03606 0.104575 0.00375916
-5.01618 0.120076 0.00576162
-5.03732 0.113642 -0.017815
-5.03616 0.115717 -0.00156196
-5.0327 0.0932788 -0.000755844
-5.02615 0.113749 0.00879492
-5.03198 0.0937164 0.0102702
-5.03599 0.116929 -0.00939111
-5.04671 0.106564 -0.00806424
-5.02866 0.0958122 -0.00103238
-5.03093 0.0988592 -0.0121309
-5.02561 0.10158 0.00107383
-5.0343 0.117715 0.000761693
-5.02847 0.0862146 -0.0154934
-5.02798 0.100523 0.0136726
-5.04722 0.0889136 -0.0100541
-5.01424 0.0925343 -0.00753729
-5.04621 0.11077 0.00560167
-5.04253 0.0751131 0.00885788
-5.03515 0.0965811 -0.00419746
-5.02762 0.113884 -0.0189202
-5.01797 0.0948825 0.00558233
-5.02525 0.0999954 -0.00639309
-5.0393 0.10352 -0.000636945
-5.02053 0.0857503 -0.00644507
-5.03797 0.0872601 -0.0108789
-5.02681 0.108603 -0.0272745
-5.02012 0.10033 -0.00192182
-5.02317 0.0946523 0.00843413
-5.02772 0.0933623 -0.00918657
-5.02802 0.101846 0.0101969
-5.02797 0.114727 -0.0154334
-5.02514 0.0975372 -0.00197877
-5.03646 0.0998296 0.011141
-5.03372 0.102949 -0.00652247
-5.02791 0.101663 -0.00247553
-5.01858 0.0999927 -0.00469182
-5.03755 0.111097 -0.0133677
-5.02435 0.0918755 -0.00199728
-5.03221 0.106234 0.0194165
-5.02711 0.0901918 -0.00336539
-5.02056 0.0742742 -0.00232867
-5.01361 0.0842836 -0.00699681
-5.03242 0.0851175 -0.00335948
-5.03502 0.088071 0.00417888
-5.03428 0.0845451 0.00683633
-5.03304 0.10363 0.00178303
-5.02986 0.0843275 0.0061763
-5.0172 0.0892938 -0.0124336
-5.03996 0.0891244 0.00659802
-5.01761 0.0982167 -0.021883
-5.03404 0.0957301 0.000601267
-5.01932 0.0871416 0.0292121
-5.01622 0.0787443 -0.000911562
-5.02993 0.0831853 0.00868739
-5.01649 0.0758359 0.0147886
-5.03269 0.0739875 0.00696091
-5.03659 0.0720279 -0.00400937
-5.0453 0.0845984 -0.00279141
-5.04722 0.0856959 0.019545
-5.01226 0.0936008 0.0126259
-5.01444 0.0645632 -0.0190582
-5.03215 0.0949176 0.00699231
-5.03817 0.0650429 0.00585675
-5.00844 0.0756963 0.00357669
-5.03389 0.0787958 0.000609485
-5.01154 0.0935246 -0.0086995
-5.02499 0.0556335 0.00216296
-5.04005 0.0846782 0.00954779
-5.02726 0.0948921 0.0205384
-5.02037 0.0830074 0.0042079
-5.02539 0.0847143 -0.000367395
-5.03556 0.0829425 -0.00110792
-5.04238 0.0651973 0.000253311
-5.04719 0.0624025 0.0057489
-5.03049 0.0835011 0.00969065
-5.0312 0.0692423 0.000515126
-5.02807 0.056081 -0.00252466
-5.03716 0.062327 -0.00317478
-5.02694 0.057276 0.0215908
-5.01241 0.0544807 0.0151443
-5.02455 0.0742829 0.00554281
-5.04171 0.0572399 0.00979923
-5.03931 0.0659305 0.012776
-5.03581 0.0780173 -0.00436078
-5.03272 0.0564432 0.012557
-5.02389 0.0723428 0.00491007
-5.02109 0.0522943 0.00524217
-5.02757 0.0567019 -0.00215831
-5.0314 0.0480411 -0.00606042
-5.03748 0.0499089 -0.0142348
-5.03535 0.0523302 -0.00698776
-5.03276 0.0384338 0.00200568
-5.02353 0.0515103 -0.00965075
-5.03108 0.0571721 -0.0143087
-5.02174 0.0399378 0.00573682
-5.01754 0.0529991 -0.000747822
-5.03422 0.0438805 0.0141632
-5.02853 0.0365553 0.00473725
-5.03371 0.0731485 0.00105146
-5.02254 0.0428679 -0.000595033
-5.02656 0.0477689 0.00154968
-5.0325 0.036283 0.00796405
-5.01086 0.0450843 0.0211962
-5.03015 0.0610742 -0.00600178
-5.04837 0.0346935 -0.00481554
-5.03655 0.0381822 -0.0160456
-5.02001 0.0504459 -0.0140777
-5.01872 0.0368469 0.0222466
-5.04132 0.0322898 -0.00517729
-5.03538 0.0246036 -0.000151822
-5.04245 0.0454923 -0.0194598
-5.03129 0.0374621 -0.0022226
-5.03442 0.037501 0.00483044
-5.05461 0.0130276 0.00806339
-5.01262 0.0422425 -0.00543773
-5.02896 0.0320782 -0.00493254
-5.03559 0.0345934 -0.0134827
-5.03645 0.0185123 0.0118175
-5.02788 0.0156237 0.00264196
-5.03776 0.0204849 -0.00440073
-5.01424 0.0222731 0.000448659
-5.02492 0.00733798 -0.0129689
-5.01649 0.0114538 -0.00102591
-5.0349 0.0180672 0.014082
-5.03331 0.0294892 -0.00206465
-5.02239 0.023565 0.00115751
-5.03044 0.0340231 0.0101082
-5.03725 0.00544505 0.00982834
-5.02636 0.0130995 0.00602293
-5.02027 0.0202666 -0.0144016
-5.02028 0.0202857 -0.00491761
-5.02116 0.00648152 0.00426459
-5.0159 -0.00975222 -0.00126137
-5.02576 0.00823767 0.0102422
-5.03035 -0.00452307 -0.0130449
-5.03337 -0.00369379 0.00256056
-5.02887 0.0138366 0.00268632
-5.03209 -0.00895497 -0.0102064
-5.02689 0.0227101 0.00879938
-5.00511 0.00710717 -0.0101072
-5.02562 0.00486793 -0.0168858
-5.03567 -0.00977941 0.00558524
-5.02172 -0.0164994 -0.000532661
-5.02395 -0.00167655 -0.016936
-5.01805 0.0116044 0.000910502
-5.01698 -0.0013089 -0.00810425
-5.02166 0.00536458 -0.0121333
-5.02576 0.00720469 0.000340002
-5.03128 -0.0227116 0.00160858
-5.04301 -0.00303213 0.00841295
-5.02897 -0.012884 0.00194622
-5.02396 -0.0255692 0.0019473
-5.01659 -0.00397331 -0.0225938
-5.04163 -0.0047765 -0.00557674
-5.02056 -0.00992093 -0.00850072
-5.02799 -0.00602085 0.0041125
-5.03738 -0.00675735 0.00390233
-5.03378 -0.0253861 -0.00482622
-5.0027 -0.0092571 0.00504755
-5.02771 -0.0509964 0.00151953
-5.00058 -0.0269457 -0.0106857
-5.03313 -0.0298753 0.00492639
-5.02331 -0.0310423 0.00714625
-5.02622 -0.0305141 0.00498826
-5.02481 -0.0226858 -0.004302
-5.03367 -0.00532431 0.00681433
-5.03045 -0.0181357 0.0175192
-5.02067 -0.022484 -0.0035504
-5.01929 -0.034706 -0.0111473
-5.03398 -0.0187583 0.00812514
-5.01513 -0.00251647 0.0113968
-5.01506 -0.0403592 -0.000295892
-5.03981 -0.0514784 0.0154072
-5.0133 -0.054069 0.0122055
-5.0308 -0.039339 -0.0030386
-5.03512 -0.0314148 0.00138269
-5.01067 -0.0296764 -0.00685008
-5.02463 -0.0228725 -0.00452682
-5.03046 -0.0423709 -0.00241652
-5.03386 -0.0462127 0.0106035
-5.03823 -0.0484113 0.00343775
-5.03334 -0.0519337 0.00962414
-5.00889 -0.0430098 -0.00232574
-5.04474 -0.0427461 -0.0076424
-5.02381 -0.039188 0.00332162
-5.01815 -0.0327413 0.0204568
-5.02166 -0.0418195 -0.0163557
-5.04228 -0.0484126 -0.000937974
-5.04505 -0.0520277 -0.00278884
-5.0295 -0.0546703 -0.00557311
-5.01637 -0.0445453 -0.00705554
-5.0138 -0.0735303 0.0109819
-5.02624 -0.0367956 -0.0059098
-5.01942 -0.0583783 -0.0118065
-5.01017 -0.0527834 0.00261765
-5.0444 -0.0718003 0.00618847
-5.01848 -0.051108 -0.00115413
-5.03046 -0.0449756 0.00200017
-5.02686 -0.0544074 0.00243168
-5.05009 -0.059291 0.0080429
-5.04069 -0.0356114 0.00171295
-5.01711 -0.044111 -0.00601384
-5.01253 -0.0540516 -0.0224991
-5.02036 -0.0594874 0.000313725
-5.02857 -0.0465737 0.0158758
-5.01917 -0.0434665 0.0072104
-5.01479 -0.0438155 -0.0102492
-5.02115 -0.0480811 0.0131539
-5.02589 -0.0427446 -0.00258801
-5.00251 -0.0435847 -0.00874311
-5.01702 -0.0368255 0.00284352
-5.0273 -0.0474011 -0.00559425
-5.03327 -0.0308097 0.00589001
-5.0301 -0.0661254 -0.00242119
-5.04504 -0.0349514 -0.0282301
-5.01792 -0.0535003 -0.00223843
-5.031 -0.0388041 -0.0106162
-5.02412 -0.0616273 0.00334934
-5.02362 -0.063114 0.00523667
-5.01688 -0.0511546 -0.00879082
-5.02439 -0.0558133 0.0143916
-5.01472 -0.0497547 -0.00354912
-5.02488 -0.0546874 -0.00632634
-5.01661 -0.0624397 -0.0201602
-5.01076 -0.066831 -0.00351333
-5.01849 -0.0457462 0.0085728
-5.03396 -0.049822 0.00316939
-5.03936 -0.0508131 0.00234139
-5.02967 -0.0602008 -0.011455
-5.01843 -0.0722642 -0.000295362
-5.01882 -0.0435183 -0.0126043
-5.03475 -0.0576978 -0.00654015
-5.0261 -0.0584609 -0.0128352
-5.03534 -0.0490574 -0.00210846
-5.0137 -0.0546839 -0.00487963
-5.01296 -0.0602539 0.0124751
-5.02911 -0.0552629 0.0124253
-5.04445 -0.0698032 -0.0055256
-5.0293 -0.0690321 -0.00994028
-5.031 -0.0438649 0.01578
-5.0458 -0.0655353 0.0162158
-5.02265 -0.0638917 -0.00498114
-5.01968 -0.0484081 -0.00227661
-5.03082 -0.0506028 -0.00666708
-5.03402 -0.0608233 0.00840021
-5.03453 -0.05036 0.00315361
-5.02472 -0.0494745 0.00489228
-5.03402 -0.0597511 0.00289335
-5.02103 -0.0564117 -0.00182928
-5.01678 -0.0607062 0.00387378
-5.02589 -0.0479714 -0.00511611
-5.03095 -0.0391922 0.0233441
-5.01846 -0.0569814 -0.00179928
-5.03231 -0.0573119 -0.0127855
-5.0078 -0.0542006 -0.00652127
-4.99826 -0.0451551 0.00912834
-5.03358 -0.044182 0.00280621
-5.04233 -0.0465551 -0.0146211
-5.0272 -0.0648199 -0.00214103
-5.00515 -0.0549963 0.0160979
-5.01312 -0.0385365 -0.00321582
-5.02113 -0.0453552 0.0166442
-5.02202 -0.0620441 -0.00813091
-5.01534 -0.0558494 0.0186513
-5.04033 -0.0672995 -0.0180585
-5.01981 -0.0363125 -0.00790926
-5.02779 -0.0439941 -0.0067516
-5.01188 -0.033907 0.00316514
-5.02236 -0.0609948 -0.00139158
-5.03244 -0.0383054 -0.000278773
-5.02049 -0.0608291 -0.0106606
-5.01247 -0.0471426 -0.00600838
-5.04075 -0.0591847 0.000141071
-5.01708 -0.0538715 -0.000712648
-5.01766 -0.0498534 -0.000986817
-5.03091 -0.0462398 -0.00338936
-5.00894 -0.0317418 0.00871305
-5.02548 -0.0474442 -0.00320637
-5.02784 -0.0445309 -0.0109245
-5.05081 -0.0676151 1.20877e-05
-5.03133 -0.0320857 0.011694
-5.01894 -0.0557346 0.00333421
-5.01974 -0.0563691 -0.00738139
-5.00694 -0.0406573 0.00665128
-5.01231 -0.0471804 -0.0122953
-5.02126 -0.0408111 0.00723505
-5.03265 -0.0438654 0.00712099
-5.01583 -0.0345958 -0.0130088
-5.02446 -0.0342735 -0.00653959
-5.02674 -0.0323388 -0.0102819
-4.99969 -0.0435409 -0.00616629
-5.03766 -0.0334932 0.000378626
-5.02783 -0.0340404 -0.00928583
-5.01099 -0.0390715 0.000507061
-5.02971 -0.0371129 -0.0154806
-5.02909 -0.0345998 -0.00594059
-5.04461 -0.0374331 0.00609823
-5.02176 -0.0278684 -0.0180961
-5.0378 -0.0299528 0.00378943
-5.0178 -0.0370671 0.00192626
-5.02641 -0.0262435 0.00631978
-5.04345 -0.0158584 -0.000977026
-5.01589 -0.0348816 -0.0100081
-5.00306 -0.0102474 -0.00147316
-5.02855 -0.0250369 -0.0236181
-5.02375 -0.0295274 0.0207111
-5.01952 -0.0369719 0.0071304
-5.03563 -0.0223671 -0.01334
-5.02938 -0.039204 0.00205586
-5.02522 -0.018832 0.000352012
-5.01949 -0.0222595 0.0095178
-5.01143 -0.0373654 -0.00262
-5.01301 -0.0227892 -0.0122218
-5.02108 -0.0213206 0.01173
-5.02847 -0.0173247 0.00504124
-5.02025 -0.0169484 -0.00292123
-5.02484 -0.0194147 -0.00923631
-5.02511 -0.00702445 0.00683929
-5.02826 -0.00858488 0.0134876
-5.02453 -0.010728 0.00699294
-5.02033 -0.0113754 0.0190201
-5.03463 -0.0226856 0.00626408
-5.02103 -0.0166881 0.00941084
-5.02832 -0.00804946 0.00785949
-5.03297 -0.0167141 -0.0146514
-5.02537 -0.00519861 0.00140105
-5.02141 -0.014645 0.00315102
-5.0203 -0.00190356 -0.00550998
-5.02838 -0.0137167 0.0278526
-5.02223 -0.00921468 0.00373408
-5.03492 -0.013612 0.013335
-5.01394 -0.0165566 0.002912
-5.03297 0.0102 0.000275418
-5.0242 -0.0107896 0.0129405
-5.00367 -0.00899783 0.00727762
-5.01061 0.000251557 -0.0127095
-5.04074 -0.00843762 -0.0128096
-5.02575 0.00435418 -0.0107584
-5.03382 0.00758232 -0.00417544
-5.01307 0.000639204 0.00710686
-5.03705 0.0148628 -0.00133034
-5.00817 0.00664429 0.0130118
-5.01821 -0.0223279 0.0175013
-5.01273 0.0066991 0.00276563
-5.02969 -0.00294331 0.019353
-5.01173 0.00992451 0.00449165
-5.01646 0.0100285 0.00179636
-4.99979 0.0172244 -0.00945253
-5.00849 0.000607199 0.0132395
-4.97353 0.00305359 0.00542326
-4.9727 0.0140285 -0.00889961
-4.95059 -0.00316025 -0.0030906
-4.90566 0.0129787 0.00657985
-4.88383 0.012061 -0.0018499
-4.83835 0.0189325 -0.00148731
-4.79404 -0.0027861 -0.00988687
-4.73493 0.00866338 0.0132164
-4.6632 -0.00309342 -0.00585596
-4.60914 0.012539 -0.00628299
-4.55504 0.0203901 0.00155669
-4.49156 0.0199924 -0.00360929
-4.43904 0.00560724 0.0018977
-4.39243 -0.00313656 -0.0204198
-4.34395 -0.00851962 -0.0021368
-4.27907 0.0153135 -0.00264818
-4.23709 0.00622139 -0.00346214
-4.19666 -0.0042395 -0.011087
-4.16313 0.00900371 -0.0146124
-4.1337 0.00410619 0.0109313
-4.1036 0.0244671 0.000167283
-4.09011 0.00654139 -0.00999285
-4.08285 0.00435786 0.00417963
-4.0741 0.0212746 -0.0311872
-4.07229 0.0115767 0.000320248
-4.06673 0.0168391 -0.00350697
-4.06713 0.0237984 0.00404584
-4.07531 0.0272075 -0.00823719
-4.05329 0.0080152 -0.00412111
-4.05161 0.0243525 -0.007591
-4.05545 0.016693 0.0127918
-4.04563 0.0206169 0.009437
-4.05798 0.00286839 0.00722474
-4.04569 0.0255366 -0.00118406
-4.05453 0.0205356 -0.0139715
-4.02642 0.023835 0.00421989
-4.01121 0.0286613 -0.00738552
-4.02892 0.0100914 0.00691646
-4.0366 0.0204507 0.00644497
-4.01086 0.0198456 -0.00530607
-4.00625 0.0252011 0.00974688
-3.99451 0.0251263 -0.00273176
-3.97582 0.0370841 -0.0136305
-3.94776 0.0121279 0.000226633
-3.91693 0.022859 0.00295622
-3.88143 0.0069643 -0.00977272
-3.85033 0.0166672 0.00514136
-3.8106 0.0304643 0.0085802
-3.76967 0.00537602 -0.00131351
-3.73366 0.0200053 0.00414368
-3.7059 0.0035639 0.00379875
-3.68042 0.0245085 -0.00495191
-3.64657 0.0163165 0.0113079
-3.6306 0.0173135 0.00889078
-3.62104 0.0139399 -0.00876232
-3.58399 0.0131577 0.00362768
-3.57721 0.017829 0.01671
-3.55288 0.00843979 -0.0090396
-3.55155 0.0209794 0.00623037
-3.56207 -0.0127975 -0.00215646
-3.55363 0.00114446 -0.0216406
-3.52773 0.0158545 -0.0222361
-3.53225 0.00808717 -0.000272234
-3.52606 0.0183098 0.00703937
-3.52651 0.0109782 -0.0103932
-3.5159 -0.0144096 0.000468011
-3.50248 0.012829 0.0324527
-3.51853 0.0256072 0.00191637
-3.50272 0.00911936 0.010643
-3.50758 0.0165707 -0.00543684
-3.49306 0.00902767 0.00108215
-3.50083 0.0153913 -0.00116215
-3.46111 0.0154752 -0.00163925
-3.43549 0.0190438 0.00319659
-3.43031 0.0103122 0.00476674
-3.3916 -0.00355631 -0.00758377
-3.36606 0.0121463 -0.00457736
-3.34181 0.00265008 0.00253934
-3.31494 0.00619651 0.00552663
-3.26929 0.00369306 -0.00402569
-3.25157 0.00274048 0.00194081
-3.20281 0.0172466 -0.00229768
-3.1963 -0.00554262 0.0069541
-3.18184 0.00620669 -0.000644632
-3.14287 0.0275606 0.00699848
-3.1439 0.0165119 -0.00876099
-3.13125 0.0156953 -0.00241263
-3.1134 0.0198566 -0.00693992
-3.0969 0.0212674 4.75014e-06
-3.11159 0.000426209 0.01558
-3.10462 0.00633902 -0.00461132
-3.09572 0.0121649 -0.00172126
-3.08196 0.0148235 -0.00528366
-3.1041 0.0235526 0.000815109
-3.09855 0.000526154 0.0210354
-3.09027 0.0171339 -0.0067607
-3.08186 0.0133172 -0.0150684
-3.08204 0.0111224 -0.0150442
-3.07442 0.0125488 0.0172875
-3.04282 0.0137109 -0.00664033
-3.0632 0.00166563 0.00879409
-3.05262 0.011811 -0.00384759
-3.03224 0.0052091 -0.0030019
-3.02905 0.0295918 -0.00912986
-3.00071 0.0212688 -0.00726877
-2.97767 0.0373755 0.00255459
-2.93326 0.0202358 -0.00590553
-2.91039 0.013303 -0.00177254
-2.88695 0.0146437 0.00209689
-2.84771 0.00719769 -0.00380523
-2.8219 0.00852646 -0.00580288
-2.79411 0.0170221 0.00741487
-2.77076 0.03384 0.00816287
-2.77021 0.0130951 0.0108925
-2.73617 0.00149686 -0.00508301
-2.71886 0.0139098 -0.0151666
-2.72109 0.0200273 -0.008803
-2.69635 0.02782 0.00765373
-2.68268 0.00788953 -0.00613332
-2.67072 -0.0125097 -0.00257351
-2.68967 0.0111548 -0.00292764
-2.68405 0.0161743 0.0092083
-2.68612 0.00351663 0.00459611
-2.65293 0.0146733 0.017431
-2.68017 0.0132868 0.00861046
-2.67376 0.0106823 -0.00212046
-2.67298 0.019064 -0.0016832
-2.66015 -0.000340173 -0.00453626
-2.64642 0.0170511 0.0135608
-2.64641 0.00660714 -0.00276847
-2.65964 0.0247252 -0.00497507
-2.63119 0.0284936 0.000498442
-2.61398 0.00210573 -0.0067536
-2.59539 0.0327672 0.0132425
-2.57339 0.0144204 0.00771467
-2.5337 0.0121496 0.00342937
-2.52054 0.0152119 -0.00539761
-2.49395 -0.0001217 -0.00725596
-2.46576 0.0155186 -0.00909273
-2.42914 0.0166201 0.0100204
-2.39937 0.0150151 -0.0113151
-2.39607 0.0194763 -0.0142887
-2.3636 0.0126731 -0.00820971
-2.32484 0.0139062 0.00233266
-2.30299 0.0122077 0.0105121
-2.3032 0.0182315 0.00311412
-2.2835 0.00785844 0.00565331
-2.27844 0.00965718 0.0166327
-2.28935 0.00805668 0.000666325
-2.26885 0.00062951 0.0173304
-2.27019 0.000950773 -0.00427832
-2.26695 -0.0122562 -0.00138069
-2.26192 0.0179933 -0.00398924
-2.25535 0.0182581 -0.0213622
-2.23796 0.0141692 -0.00488076
-2.24662 -0.012338 0.001702
-2.27718 0.0117232 -8.10664e-05
-2.25029 0.00745902 -0.0155338
-2.24699 -0.000499109 0.00177293
-2.23212 0.0056862 -0.00754868
-2.22107 -0.0031633 0.00404589
-2.20297 0.0211978 0.00482374
-2.20852 0.0284105 -0.0197731
-2.17273 -0.00271721 -0.00156361
-2.15814 -0.0042453 0.0122814
-2.1192 -0.00656233 0.00528527
-2.10752 0.0242441 -0.0052703
-2.06861 0.00472285 -0.0136792
-2.04997 0.0220324 0.0218639
-2.00544 0.00775297 -0.00225729
-1.99256 0.0182579 0.00959043
-1.9455 0.018372 -0.00118904
-1.92245 0.0194196 -0.00383197
-1.8996 0.012229 0.00149019
-1.88911 0.0127118 0.0110315
-1.85878 -0.00508048 0.014627
-1.88372 -0.000569368 -0.00729097
-1.86116 0.0144349 -0.00986068
-1.83858 -0.00804339 -0.000461206
-1.83643 0.0255661 -0.00416678
-1.84916 0.000292993 -0.00439853
-1.84355 -0.00344668 0.00772261
-1.82351 0.0082574 0.00648163
-1.83155 0.027304 0.0217236
-1.81128 0.0141102 0.016247
-1.82636 0.000998291 0.012085
-1.834 -0.00436139 -0.00993293
-1.82866 0.00389728 -0.0108615
-1.81165 -0.00510482 -0.00317988
-1.79814 0.00523216 0.00255202
-1.81669 0.0142623 -0.0130061
-1.78736 0.0149463 -0.00222814
-1.77023 0.0157121 -0.00156134
-1.73593 0.0102738 -0.00656888
-1.73128 0.00284299 0.0108487
-1.69537 0.00237195 0.0217763
-1.66784 0.0133739 0.013298
-1.63564 0.00560474 -0.00310812
-1.60618 0.00596455 0.0167365
-1.57857 0.0187848 0.0101971
-1.56997 0.0166087 -0.00809532
-1.53185 0.0109877 0.00386537
-1.49885 0.00348703 -0.00992614
-1.48327 -0.00204594 0.00634298
-1.45569 0.0270731 -0.00393802
-1.45086 0.0256852 -0.000457226
-1.43008 -0.00230548 0.00263041
-1.41387 0.0186919 -0.0048022
-1.41459 0.00378619 0.00850041
-1.41891 0.00402849 -0.0051388
-1.41312 0.00811813 -0.010083
-1.41811 0.0258455 -0.00358984
-1.38797 0.00871112 0.00466652
-1.39665 0.0253367 -0.00174215
-1.39725 -0.00304818 0.0001268
-1.38019 0.00372573 0.0110901
-1.38133 0.000283846 -0.00357307
-1.38055 0.0331713 0.00595424
-1.37825 0.020305 -0.00488974
-1.36257 0.0162115 -0.0112876
-1.36917 0.0129322 -0.00108705
-1.35369 0.00971457 0.00279716
-1.32424 0.00676622 -0.000428597
-1.33326 0.0222803 -0.0117902
-1.29906 -0.0118019 -0.00817309
-1.2604 0.00388524 0.00509179
-1.2465 0.00401496 0.00387299
-1.19299 0.00797394 0.0170711
-1.19956 -0.0176796 0.00858074
-1.15156 0.000129861 -0.000335926
-1.1086 0.0113975 0.0160056
-1.09114 0.0104065 0.00992164
-1.06785 0.0100594 0.0125856
-1.04874 0.00488215 -0.0170711
-1.01407 0.017926 -0.00446869
-0.994753 0.0147033 0.00341045
-0.994689 0.0039855 0.0139381
-0.986369 0.0146257 -0.00521244
-1.0052 0.0147884 0.00355143
-0.992644 0.0148426 -0.00676621
-0.987403 -0.00375813 -0.00705045
-1.00082 -0.00276966 0.0147023
-0.986677 0.0127267 -0.00811782
-0.965623 0.003568 0.0140847
-0.965371 0.00974582 -0.0119471
-0.958776 -0.00937019 0.00264542
-0.957277 0.0105294 0.0147095
-0.954109 0.00491178 0.0115545
-0.952145 0.021744 -0.00205351
-0.921471 0.00996686 -0.00173604
-0.917393 -0.00998545 -0.0115144
-0.936225 0.00338661 -0.012125
-0.906725 -0.000211944 0.00374278
-0.889651 0.00318476 0.0050988
-0.860901 0.00984107 -0.00297613
-0.828478 0.0162546 0.0173509
-0.828609 -0.00481347 0.00703236
-0.767321 0.00350764 0.00222901
-0.73397 0.011628 0.0133453
-0.730305 -0.00632625 -0.0176865
-0.707838 0.019376 -0.00446423
-0.669007 0.00100274 -0.006602
-0.652127 -0.00831882 0.00781
-0.604342 -0.0146168 0.00569327
-0.582001 -0.000131396 -0.00991076
-0.597625 0.010059 0.00941578
-0.581912 0.0120328 0.00449051
-0.543172 0.0126074 -0.00490618
-0.53697 0.00016374 -0.00196933
-0.54195 -0.00228859 -0.000242849
-0.536174 -0.0160431 0.0183803
-0.542823 0.0223669 -0.0059155
-0.533033 0.000883715 -0.00364157
-0.538939 -0.00310422 -0.00777589
-0.557966 0.0118816 0.0113566
-0.514442 -0.00397186 0.00728115
-0.525928 0.00325358 -0.0123426
-0.525411 0.00250064 0.005748
-0.527731 0.00424652 0.0109723
-0.513274 0.00543919 -0.00468456
-0.473676 -0.00592656 -0.00495454
-0.491603 -0.0111393 0.014091
-0.484504 0.0150059 0.0299655
-0.446549 0.0107939 0.000378422
-0.439173 0.0216998 0.00631826
-0.403366 -0.0183902 0.00807437
-0.398092 -0.0153293 0.00405134
-0.350943 -0.00961233 -0.00850615
-0.328718 -0.00274661 -0.0148943
